131165,1
131165,4
131165,12
131165,28
131165,60
131165,92
131165,124
131165,156
131165,188
131165,220
131165,252
131165,284
131165,316
131165,348
131165,380
131165,412
131165,444
131165,476
131165,508
131165,540
131165,572
131165,604
131165,636
131165,668
131165,700
131165,732
131165,764
131165,796
131165,828
131165,860
131165,892
131165,924
131165,956
131165,988
131165,1020
131165,1052
131165,1084
131165,1116
131165,1148
131165,1180
131165,1212
131165,1244
131165,1276
131165,1308
131165,1340
131165,1372
131165,1404
131165,1436
131165,1468
131165,1500
131165,1532
131165,1564
131165,1596
131165,1628
131165,1660
131165,1692
131165,1724
131165,1756
131165,1788
131165,1820
131165,1852
131165,1884
131165,1916
131165,1948
131165,1980
131165,2012
131165,2044
131165,2076
131165,2108
131165,2140
131165,2172
131165,2204
131165,2236
131165,2268
131165,2300
131165,2332
131165,2364
131165,2396
131165,2428
131165,2460
131165,2492
131165,2524
131165,2556
131165,2588
131165,2620
131165,2652
131165,2684
131165,2716
131165,2748
131165,2780
131165,2812
131165,2844
131165,2876
131165,2908
131165,2940
131165,2972
131165,3004
131165,3036
131165,3068
131165,3100
131165,3132
131165,3164
131165,3196
131165,3228
131165,3260
131165,3292
131165,3324
131165,3356
131165,3388
131165,3420
131165,3452
131165,3484
131165,3516
131165,3548
131165,3580
131165,3612
131165,3644
131165,3676
131165,3708
131165,3740
131165,3772
131165,3804
131165,3836
131165,3868
131165,3900
131165,3932
131165,3964
131165,3996
131165,4028
131165,4060
131165,4092
131165,4124
131165,4156
131165,4188
131165,4220
131165,4252
131165,4284
131165,4316
131165,4348
131165,4380
131165,4412
131165,4444
131165,4476
131165,4508
131165,4540
131165,4572
131165,4604
131165,4636
131165,4668
131165,4700
131165,4732
131165,4764
131165,4796
131165,4828
131165,4860
131165,4892
131165,4924
131165,4956
131165,4988
131165,5020
131165,5052
131165,5084
131165,5116
131165,5148
131165,5180
131165,5212
131165,5244
131165,5276
131165,5308
131165,5340
131165,5372
131165,5404
131165,5436
131165,5468
131165,5500
131165,5532
131165,5564
131165,5596
131165,5628
131165,5660
131165,5692
131165,5724
131165,5756
131165,5788
131165,5820
131165,5852
131165,5884
131165,5916
131165,5948
131165,5980
131165,6012
131165,6044
131165,6076
131165,6108
131165,6140
131165,6172
131165,6204
