131197,1
131197,4
131197,12
131197,28
131197,60
131197,92
131197,124
131197,156
131197,188
131197,220
131197,252
131197,284
131197,316
131197,348
131197,380
131197,412
131197,444
131197,476
131197,508
131197,540
131197,572
131197,604
131197,636
131197,668
131197,700
131197,732
131197,764
131197,796
131197,828
131197,860
131197,892
131197,924
131197,956
131197,988
131197,1020
131197,1052
131197,1084
131197,1116
131197,1148
131197,1180
131197,1212
131197,1244
131197,1276
131197,1308
131197,1340
131197,1372
131197,1404
131197,1436
131197,1468
131197,1500
131197,1532
131197,1564
131197,1596
131197,1628
131197,1660
131197,1692
131197,1724
131197,1756
131197,1788
131197,1820
131197,1852
131197,1884
131197,1916
131197,1948
131197,1980
131197,2012
131197,2044
131197,2076
131197,2108
131197,2140
131197,2172
131197,2204
131197,2236
131197,2268
131197,2300
131197,2332
131197,2364
131197,2396
131197,2428
131197,2460
131197,2492
131197,2524
131197,2556
131197,2588
131197,2620
131197,2652
131197,2684
131197,2716
131197,2748
131197,2780
131197,2812
131197,2844
131197,2876
131197,2908
131197,2940
131197,2972
131197,3004
131197,3036
131197,3068
131197,3100
131197,3132
131197,3164
131197,3196
131197,3228
131197,3260
131197,3292
131197,3324
131197,3356
131197,3388
131197,3420
131197,3452
131197,3484
131197,3516
131197,3548
131197,3580
131197,3612
131197,3644
131197,3676
131197,3708
131197,3740
131197,3772
131197,3804
131197,3836
131197,3868
131197,3900
131197,3932
131197,3964
131197,3996
131197,4028
131197,4060
131197,4092
131197,4124
131197,4156
131197,4188
131197,4220
131197,4252
131197,4284
131197,4316
131197,4348
131197,4380
131197,4412
131197,4444
131197,4476
131197,4508
131197,4540
131197,4572
131197,4604
131197,4636
131197,4668
131197,4700
131197,4732
131197,4764
131197,4796
131197,4828
131197,4860
131197,4892
131197,4924
131197,4956
131197,4988
131197,5020
131197,5052
131197,5084
131197,5116
131197,5148
131197,5180
131197,5212
131197,5244
131197,5276
131197,5308
131197,5340
131197,5372
131197,5404
131197,5436
131197,5468
131197,5500
131197,5532
131197,5564
131197,5596
131197,5628
131197,5660
131197,5692
131197,5724
131197,5756
131197,5788
131197,5820
131197,5852
131197,5884
131197,5916
131197,5948
131197,5980
131197,6012
131197,6044
131197,6076
131197,6108
131197,6140
