131227,1
131227,4
131227,12
131227,28
131227,60
131227,92
131227,124
131227,156
131227,188
131227,220
131227,252
131227,284
131227,316
131227,348
131227,380
131227,412
131227,444
131227,476
131227,508
131227,540
131227,572
131227,604
131227,636
131227,668
131227,700
131227,732
131227,764
131227,796
131227,828
131227,860
131227,892
131227,924
131227,956
131227,988
131227,1020
131227,1052
131227,1084
131227,1116
131227,1148
131227,1180
131227,1212
131227,1244
131227,1276
131227,1308
131227,1340
131227,1372
131227,1404
131227,1436
131227,1468
131227,1500
131227,1532
131227,1564
131227,1596
131227,1628
131227,1660
131227,1692
131227,1724
131227,1756
131227,1788
131227,1820
131227,1852
131227,1884
131227,1916
131227,1948
131227,1980
131227,2012
131227,2044
131227,2076
131227,2108
131227,2140
131227,2172
131227,2204
131227,2236
131227,2268
131227,2300
131227,2332
131227,2364
131227,2396
131227,2428
131227,2460
131227,2492
131227,2524
131227,2556
131227,2588
131227,2620
131227,2652
131227,2684
131227,2716
131227,2748
131227,2780
131227,2812
131227,2844
131227,2876
131227,2908
131227,2940
131227,2972
131227,3004
131227,3036
131227,3068
131227,3100
131227,3132
131227,3164
131227,3196
131227,3228
131227,3260
131227,3292
131227,3324
131227,3356
131227,3388
131227,3420
131227,3452
131227,3484
131227,3516
131227,3548
131227,3580
131227,3612
131227,3644
131227,3676
131227,3708
131227,3740
131227,3772
131227,3804
131227,3836
131227,3868
131227,3900
131227,3932
131227,3964
131227,3996
131227,4028
131227,4060
131227,4092
131227,4124
131227,4156
131227,4188
131227,4220
131227,4252
131227,4284
131227,4316
131227,4348
131227,4380
131227,4412
131227,4444
131227,4476
131227,4508
131227,4540
131227,4572
131227,4604
131227,4636
131227,4668
131227,4700
131227,4732
131227,4764
131227,4796
131227,4828
131227,4860
131227,4892
131227,4924
131227,4956
131227,4988
131227,5020
131227,5052
131227,5084
131227,5116
131227,5148
131227,5180
131227,5212
131227,5244
131227,5276
131227,5308
131227,5340
131227,5372
131227,5404
131227,5436
131227,5468
131227,5500
131227,5532
131227,5564
131227,5596
131227,5628
131227,5660
131227,5692
131227,5724
131227,5756
131227,5788
131227,5820
131227,5852
131227,5884
131227,5916
131227,5948
131227,5980
131227,6012
131227,6044
131227,6076
131227,6108
131227,6140
131227,6172
