131201,1
131201,4
131201,12
131201,28
131201,60
131201,92
131201,124
131201,156
131201,188
131201,220
131201,252
131201,284
131201,316
131201,348
131201,380
131201,412
131201,444
131201,476
131201,508
131201,540
131201,572
131201,604
131201,636
131201,668
131201,700
131201,732
131201,764
131201,796
131201,828
131201,860
131201,892
131201,924
131201,956
131201,988
131201,1020
131201,1052
131201,1084
131201,1116
131201,1148
131201,1180
131201,1212
131201,1244
131201,1276
131201,1308
131201,1340
131201,1372
131201,1404
131201,1436
131201,1468
131201,1500
131201,1532
131201,1564
131201,1596
131201,1628
131201,1660
131201,1692
131201,1724
131201,1756
131201,1788
131201,1820
131201,1852
131201,1884
131201,1916
131201,1948
131201,1980
131201,2012
131201,2044
131201,2076
131201,2108
131201,2140
131201,2172
131201,2204
131201,2236
131201,2268
131201,2300
131201,2332
131201,2364
131201,2396
131201,2428
131201,2460
131201,2492
131201,2524
131201,2556
131201,2588
131201,2620
131201,2652
131201,2684
131201,2716
131201,2748
131201,2780
131201,2812
131201,2844
131201,2876
131201,2908
131201,2940
131201,2972
131201,3004
131201,3036
131201,3068
131201,3100
131201,3132
131201,3164
131201,3196
131201,3228
131201,3260
131201,3292
131201,3324
131201,3356
131201,3388
131201,3420
131201,3452
131201,3484
131201,3516
131201,3548
131201,3580
131201,3612
131201,3644
131201,3676
131201,3708
131201,3740
131201,3772
131201,3804
131201,3836
131201,3868
131201,3900
131201,3932
131201,3964
131201,3996
131201,4028
131201,4060
131201,4092
131201,4124
131201,4156
131201,4188
131201,4220
131201,4252
131201,4284
131201,4316
131201,4348
131201,4380
131201,4412
131201,4444
131201,4476
131201,4508
131201,4540
131201,4572
131201,4604
131201,4636
131201,4668
131201,4700
131201,4732
131201,4764
131201,4796
131201,4828
131201,4860
131201,4892
131201,4924
131201,4956
131201,4988
131201,5020
131201,5052
131201,5084
131201,5116
131201,5148
131201,5180
131201,5212
131201,5244
131201,5276
131201,5308
131201,5340
131201,5372
131201,5404
131201,5436
131201,5468
131201,5500
131201,5532
131201,5564
131201,5596
131201,5628
131201,5660
131201,5692
131201,5724
131201,5756
131201,5788
131201,5820
131201,5852
131201,5884
131201,5916
131201,5948
131201,5980
131201,6012
131201,6044
131201,6076
131201,6108
131201,6140
131201,6172
131201,6204
131201,6236
131201,6268
131201,6300
131201,6332
131201,6364
131201,6396
131201,6428
131201,6460
131201,6492
131201,6524
131201,6556
131201,6588
131201,6620
131201,6652
131201,6684
131201,6716
131201,6748
131201,6780
131201,6812
131201,6844
131201,6876
131201,6908
131201,6940
131201,6972
131201,7004
131201,7036
131201,7068
131201,7100
131201,7132
131201,7164
131201,7196
131201,7228
131201,7260
131201,7292
131201,7324
131201,7356
131201,7388
131201,7420
131201,7452
131201,7484
131201,7516
131201,7548
131201,7580
131201,7612
131201,7644
131201,7676
131201,7708
131201,7740
131201,7772
131201,7804
131201,7836
131201,7868
131201,7900
131201,7932
131201,7964
131201,7996
131201,8028
131201,8060
131201,8092
131201,8124
131201,8156
131201,8188
131201,8220
131201,8252
131201,8284
131201,8316
131201,8348
131201,8380
131201,8412
131201,8444
131201,8476
131201,8508
131201,8540
131201,8572
131201,8604
131201,8636
131201,8668
131201,8700
131201,8732
131201,8764
131201,8796
131201,8828
131201,8860
131201,8892
131201,8924
131201,8956
131201,8988
131201,9020
131201,9052
131201,9084
131201,9116
131201,9148
131201,9180
131201,9212
131201,9244
131201,9276
131201,9308
131201,9340
131201,9372
131201,9404
131201,9436
131201,9468
131201,9500
131201,9532
131201,9564
131201,9596
131201,9628
131201,9660
131201,9692
131201,9724
131201,9756
131201,9788
131201,9820
131201,9852
131201,9884
131201,9916
131201,9948
131201,9980
131201,10012
131201,10044
131201,10076
131201,10108
131201,10140
131201,10172
131201,10204
131201,10236
131201,10268
131201,10300
131201,10332
131201,10364
131201,10396
131201,10428
131201,10460
131201,10492
131201,10524
131201,10556
131201,10588
131201,10620
131201,10652
131201,10684
131201,10716
131201,10748
131201,10780
131201,10812
131201,10844
131201,10876
131201,10908
131201,10940
131201,10972
131201,11004
131201,11036
131201,11068
131201,11100
131201,11132
131201,11164
131201,11196
131201,11228
131201,11260
131201,11292
131201,11324
131201,11356
131201,11388
131201,11420
131201,11452
131201,11484
131201,11516
131201,11548
131201,11580
131201,11612
131201,11644
131201,11676
131201,11708
131201,11740
131201,11772
131201,11804
131201,11836
131201,11868
131201,11900
131201,11932
131201,11964
131201,11996
131201,12028
131201,12060
131201,12092
131201,12124
131201,12156
131201,12188
131201,12220
131201,12252
131201,12284
131201,12316
131201,12348
131201,12380
131201,12412
131201,12444
131201,12476
131201,12508
131201,12540
131201,12572
131201,12604
131201,12636
131201,12668
131201,12700
131201,12732
131201,12764
131201,12796
131201,12828
131201,12860
131201,12892
131201,12924
131201,12956
131201,12988
131201,13020
131201,13052
131201,13084
131201,13116
131201,13148
131201,13180
131201,13212
131201,13244
131201,13276
131201,13308
131201,13340
131201,13372
131201,13404
131201,13436
131201,13468
131201,13500
131201,13532
131201,13564
131201,13596
131201,13628
131201,13660
131201,13692
131201,13724
131201,13756
131201,13788
131201,13820
131201,13852
131201,13884
131201,13916
131201,13948
131201,13980
131201,14012
131201,14044
131201,14076
131201,14108
131201,14140
131201,14172
131201,14204
131201,14236
131201,14268
131201,14300
131201,14332
131201,14364
131201,14396
131201,14428
131201,14460
131201,14492
131201,14524
131201,14556
131201,14588
131201,14620
131201,14652
131201,14684
131201,14716
131201,14748
131201,14780
131201,14812
131201,14844
131201,14876
131201,14908
131201,14940
131201,14972
131201,15004
