131229,1
131229,4
131229,12
131229,28
131229,60
131229,92
131229,124
131229,156
131229,188
131229,220
131229,252
131229,284
131229,316
131229,348
131229,380
131229,412
131229,444
131229,476
131229,508
131229,540
131229,572
131229,604
131229,636
131229,668
131229,700
131229,732
131229,764
131229,796
131229,828
131229,860
131229,892
131229,924
131229,956
131229,988
131229,1020
131229,1052
131229,1084
131229,1116
131229,1148
131229,1180
131229,1212
131229,1244
131229,1276
131229,1308
131229,1340
131229,1372
131229,1404
131229,1436
131229,1468
131229,1500
131229,1532
131229,1564
131229,1596
131229,1628
131229,1660
131229,1692
131229,1724
131229,1756
131229,1788
131229,1820
131229,1852
131229,1884
131229,1916
131229,1948
131229,1980
131229,2012
131229,2044
131229,2076
131229,2108
131229,2140
131229,2172
131229,2204
131229,2236
131229,2268
131229,2300
131229,2332
131229,2364
131229,2396
131229,2428
131229,2460
131229,2492
131229,2524
131229,2556
131229,2588
131229,2620
131229,2652
131229,2684
131229,2716
131229,2748
131229,2780
131229,2812
131229,2844
131229,2876
131229,2908
131229,2940
131229,2972
131229,3004
131229,3036
131229,3068
131229,3100
131229,3132
131229,3164
131229,3196
131229,3228
131229,3260
131229,3292
131229,3324
131229,3356
131229,3388
131229,3420
131229,3452
131229,3484
131229,3516
131229,3548
131229,3580
131229,3612
131229,3644
131229,3676
131229,3708
131229,3740
131229,3772
131229,3804
131229,3836
131229,3868
131229,3900
131229,3932
131229,3964
131229,3996
131229,4028
131229,4060
131229,4092
131229,4124
131229,4156
131229,4188
131229,4220
131229,4252
131229,4284
131229,4316
131229,4348
131229,4380
131229,4412
131229,4444
131229,4476
131229,4508
131229,4540
131229,4572
131229,4604
131229,4636
131229,4668
131229,4700
131229,4732
131229,4764
131229,4796
131229,4828
131229,4860
131229,4892
131229,4924
131229,4956
131229,4988
131229,5020
131229,5052
131229,5084
131229,5116
131229,5148
131229,5180
131229,5212
131229,5244
131229,5276
131229,5308
131229,5340
131229,5372
131229,5404
131229,5436
131229,5468
131229,5500
131229,5532
131229,5564
131229,5596
131229,5628
131229,5660
131229,5692
131229,5724
131229,5756
131229,5788
131229,5820
131229,5852
131229,5884
131229,5916
131229,5948
131229,5980
131229,6012
131229,6044
131229,6076
131229,6108
131229,6140
