131259,1
131259,4
131259,12
131259,28
131259,60
131259,92
131259,124
131259,156
131259,188
131259,220
131259,252
131259,284
131259,316
131259,348
131259,380
131259,412
131259,444
131259,476
131259,508
131259,540
131259,572
131259,604
131259,636
131259,668
131259,700
131259,732
131259,764
131259,796
131259,828
131259,860
131259,892
131259,924
131259,956
131259,988
131259,1020
131259,1052
131259,1084
131259,1116
131259,1148
131259,1180
131259,1212
131259,1244
131259,1276
131259,1308
131259,1340
131259,1372
131259,1404
131259,1436
131259,1468
131259,1500
131259,1532
131259,1564
131259,1596
131259,1628
131259,1660
131259,1692
131259,1724
131259,1756
131259,1788
131259,1820
131259,1852
131259,1884
131259,1916
131259,1948
131259,1980
131259,2012
131259,2044
131259,2076
131259,2108
131259,2140
131259,2172
131259,2204
131259,2236
131259,2268
131259,2300
131259,2332
131259,2364
131259,2396
131259,2428
131259,2460
131259,2492
131259,2524
131259,2556
131259,2588
131259,2620
131259,2652
131259,2684
131259,2716
131259,2748
131259,2780
131259,2812
131259,2844
131259,2876
131259,2908
131259,2940
131259,2972
131259,3004
131259,3036
131259,3068
131259,3100
131259,3132
131259,3164
131259,3196
131259,3228
131259,3260
131259,3292
131259,3324
131259,3356
131259,3388
131259,3420
131259,3452
131259,3484
131259,3516
131259,3548
131259,3580
131259,3612
131259,3644
131259,3676
131259,3708
131259,3740
131259,3772
131259,3804
131259,3836
131259,3868
131259,3900
131259,3932
131259,3964
131259,3996
131259,4028
131259,4060
131259,4092
131259,4124
131259,4156
131259,4188
131259,4220
131259,4252
131259,4284
131259,4316
131259,4348
131259,4380
131259,4412
131259,4444
131259,4476
131259,4508
131259,4540
131259,4572
131259,4604
131259,4636
131259,4668
131259,4700
131259,4732
131259,4764
131259,4796
131259,4828
131259,4860
131259,4892
131259,4924
131259,4956
131259,4988
131259,5020
131259,5052
131259,5084
131259,5116
131259,5148
131259,5180
131259,5212
131259,5244
131259,5276
131259,5308
131259,5340
131259,5372
131259,5404
131259,5436
131259,5468
131259,5500
131259,5532
131259,5564
131259,5596
131259,5628
131259,5660
131259,5692
131259,5724
131259,5756
131259,5788
131259,5820
131259,5852
131259,5884
131259,5916
131259,5948
131259,5980
131259,6012
131259,6044
131259,6076
131259,6108
131259,6140
131259,6172
