131237,1
131237,4
131237,12
131237,28
131237,60
131237,92
131237,124
131237,156
131237,188
131237,220
131237,252
131237,284
131237,316
131237,348
131237,380
131237,412
131237,444
131237,476
131237,508
131237,540
131237,572
131237,604
131237,636
131237,668
131237,700
131237,732
131237,764
131237,796
131237,828
131237,860
131237,892
131237,924
131237,956
131237,988
131237,1020
131237,1052
131237,1084
131237,1116
131237,1148
131237,1180
131237,1212
131237,1244
131237,1276
131237,1308
131237,1340
131237,1372
131237,1404
131237,1436
131237,1468
131237,1500
131237,1532
131237,1564
131237,1596
131237,1628
131237,1660
131237,1692
131237,1724
131237,1756
131237,1788
131237,1820
131237,1852
131237,1884
131237,1916
131237,1948
131237,1980
131237,2012
131237,2044
131237,2076
131237,2108
131237,2140
131237,2172
131237,2204
131237,2236
131237,2268
131237,2300
131237,2332
131237,2364
131237,2396
131237,2428
131237,2460
131237,2492
131237,2524
131237,2556
131237,2588
131237,2620
131237,2652
131237,2684
131237,2716
131237,2748
131237,2780
131237,2812
131237,2844
131237,2876
131237,2908
131237,2940
131237,2972
131237,3004
131237,3036
131237,3068
131237,3100
131237,3132
131237,3164
131237,3196
131237,3228
131237,3260
131237,3292
131237,3324
131237,3356
131237,3388
131237,3420
131237,3452
131237,3484
131237,3516
131237,3548
131237,3580
131237,3612
131237,3644
131237,3676
131237,3708
131237,3740
131237,3772
131237,3804
131237,3836
131237,3868
131237,3900
131237,3932
131237,3964
131237,3996
131237,4028
131237,4060
131237,4092
131237,4124
131237,4156
131237,4188
131237,4220
131237,4252
131237,4284
131237,4316
131237,4348
131237,4380
131237,4412
131237,4444
131237,4476
131237,4508
131237,4540
131237,4572
131237,4604
131237,4636
131237,4668
131237,4700
131237,4732
131237,4764
131237,4796
131237,4828
131237,4860
131237,4892
131237,4924
131237,4956
131237,4988
131237,5020
131237,5052
131237,5084
131237,5116
131237,5148
131237,5180
131237,5212
131237,5244
131237,5276
131237,5308
131237,5340
131237,5372
131237,5404
131237,5436
131237,5468
131237,5500
131237,5532
131237,5564
131237,5596
131237,5628
131237,5660
131237,5692
131237,5724
131237,5756
131237,5788
131237,5820
131237,5852
131237,5884
131237,5916
131237,5948
131237,5980
131237,6012
131237,6044
131237,6076
131237,6108
131237,6140
131237,6172
