131314,1
131314,4
131314,12
131314,28
131314,60
131314,92
131314,124
131314,156
131314,188
131314,220
131314,252
131314,284
131314,316
131314,348
131314,380
131314,412
131314,444
131314,476
131314,508
131314,540
131314,572
131314,604
131314,636
131314,668
131314,700
131314,732
131314,764
131314,796
131314,828
131314,860
131314,892
131314,924
131314,956
131314,988
131314,1020
131314,1052
131314,1084
131314,1116
131314,1148
131314,1180
131314,1212
131314,1244
131314,1276
131314,1308
131314,1340
131314,1372
131314,1404
131314,1436
131314,1468
131314,1500
131314,1532
131314,1564
131314,1596
131314,1628
131314,1660
131314,1692
131314,1724
131314,1756
131314,1788
131314,1820
131314,1852
131314,1884
131314,1916
131314,1948
131314,1980
131314,2012
131314,2044
131314,2076
131314,2108
131314,2140
131314,2172
131314,2204
131314,2236
131314,2268
131314,2300
131314,2332
131314,2364
131314,2396
131314,2428
131314,2460
131314,2492
131314,2524
131314,2556
131314,2588
131314,2620
131314,2652
131314,2684
131314,2716
131314,2748
131314,2780
131314,2812
131314,2844
131314,2876
131314,2908
131314,2940
131314,2972
131314,3004
131314,3036
131314,3068
131314,3100
131314,3132
131314,3164
131314,3196
131314,3228
131314,3260
131314,3292
131314,3324
131314,3356
131314,3388
131314,3420
131314,3452
131314,3484
131314,3516
131314,3548
131314,3580
131314,3612
131314,3644
131314,3676
131314,3708
131314,3740
131314,3772
131314,3804
131314,3836
131314,3868
131314,3900
131314,3932
131314,3964
131314,3996
131314,4028
131314,4060
131314,4092
131314,4124
131314,4156
131314,4188
131314,4220
131314,4252
131314,4284
131314,4316
131314,4348
131314,4380
131314,4412
131314,4444
131314,4476
131314,4508
131314,4540
131314,4572
131314,4604
131314,4636
131314,4668
131314,4700
131314,4732
131314,4764
131314,4796
131314,4828
131314,4860
131314,4892
131314,4924
131314,4956
131314,4988
131314,5020
131314,5052
131314,5084
131314,5116
131314,5148
131314,5180
131314,5212
131314,5244
131314,5276
131314,5308
131314,5340
131314,5372
131314,5404
131314,5436
131314,5468
131314,5500
131314,5532
131314,5564
131314,5596
131314,5628
131314,5660
131314,5692
131314,5724
131314,5756
131314,5788
131314,5820
131314,5852
131314,5884
131314,5916
131314,5948
131314,5980
131314,6012
131314,6044
131314,6076
131314,6108
131314,6140
131314,6172
131314,6204
131314,6236
131314,6268
131314,6300
131314,6332
131314,6364
131314,6396
131314,6428
131314,6460
131314,6492
131314,6524
131314,6556
131314,6588
131314,6620
131314,6652
131314,6684
131314,6716
131314,6748
131314,6780
131314,6812
131314,6844
131314,6876
131314,6908
131314,6940
131314,6972
131314,7004
131314,7036
131314,7068
131314,7100
131314,7132
131314,7164
131314,7196
131314,7228
131314,7260
131314,7292
131314,7324
131314,7356
131314,7388
131314,7420
131314,7452
131314,7484
131314,7516
131314,7548
131314,7580
131314,7612
131314,7644
131314,7676
131314,7708
131314,7740
131314,7772
131314,7804
131314,7836
131314,7868
131314,7900
131314,7932
131314,7964
131314,7996
131314,8028
131314,8060
131314,8092
131314,8124
131314,8156
131314,8188
131314,8220
131314,8252
131314,8284
131314,8316
131314,8348
131314,8380
131314,8412
131314,8444
131314,8476
131314,8508
131314,8540
131314,8572
131314,8604
131314,8636
131314,8668
131314,8700
131314,8732
131314,8764
131314,8796
131314,8828
131314,8860
131314,8892
131314,8924
131314,8956
131314,8988
131314,9020
131314,9052
131314,9084
131314,9116
131314,9148
131314,9180
131314,9212
131314,9244
131314,9276
131314,9308
131314,9340
131314,9372
131314,9404
131314,9436
131314,9468
131314,9500
131314,9532
131314,9564
131314,9596
131314,9628
131314,9660
131314,9692
131314,9724
131314,9756
131314,9788
131314,9820
131314,9852
131314,9884
131314,9916
131314,9948
131314,9980
131314,10012
131314,10044
131314,10076
131314,10108
131314,10140
131314,10172
131314,10204
131314,10236
131314,10268
131314,10300
131314,10332
131314,10364
131314,10396
131314,10428
131314,10460
131314,10492
131314,10524
131314,10556
131314,10588
131314,10620
131314,10652
131314,10684
131314,10716
131314,10748
131314,10780
131314,10812
131314,10844
131314,10876
131314,10908
131314,10940
131314,10972
131314,11004
131314,11036
131314,11068
131314,11100
131314,11132
131314,11164
131314,11196
131314,11228
131314,11260
131314,11292
131314,11324
131314,11356
131314,11388
131314,11420
131314,11452
131314,11484
131314,11516
131314,11548
131314,11580
131314,11612
131314,11644
131314,11676
131314,11708
131314,11740
131314,11772
131314,11804
131314,11836
131314,11868
131314,11900
131314,11932
131314,11964
131314,11996
131314,12028
131314,12060
131314,12092
131314,12124
131314,12156
131314,12188
131314,12220
131314,12252
131314,12284
131314,12316
131314,12348
131314,12380
131314,12412
131314,12444
131314,12476
131314,12508
131314,12540
131314,12572
131314,12604
131314,12636
131314,12668
131314,12700
131314,12732
131314,12764
131314,12796
131314,12828
131314,12860
131314,12892
131314,12924
131314,12956
131314,12988
131314,13020
131314,13052
131314,13084
131314,13116
131314,13148
131314,13180
131314,13212
131314,13244
131314,13276
131314,13308
131314,13340
131314,13372
131314,13404
131314,13436
131314,13468
131314,13500
131314,13532
131314,13564
131314,13596
131314,13628
131314,13660
131314,13692
131314,13724
131314,13756
131314,13788
131314,13820
131314,13852
131314,13884
131314,13916
131314,13948
131314,13980
131314,14012
131314,14044
131314,14076
131314,14108
131314,14140
131314,14172
131314,14204
131314,14236
131314,14268
131314,14300
131314,14332
131314,14364
131314,14396
131314,14428
131314,14460
131314,14492
131314,14524
131314,14556
131314,14588
131314,14620
131314,14652
131314,14684
131314,14716
131314,14748
131314,14780
131314,14812
131314,14844
131314,14876
131314,14908
131314,14940
131314,14972
131314,15004
131314,15036
131314,15068
131314,15100
131314,15132
131314,15164
131314,15196
131314,15228
131314,15260
131314,15292
131314,15324
131314,15356
131314,15388
131314,15420
131314,15452
131314,15484
131314,15516
131314,15548
131314,15580
131314,15612
131314,15644
131314,15676
131314,15708
131314,15740
131314,15772
131314,15804
131314,15836
131314,15868
131314,15900
131314,15932
131314,15964
131314,15996
131314,16028
131314,16060
131314,16092
131314,16124
131314,16156
131314,16188
131314,16220
131314,16252
131314,16284
131314,16316
131314,16348
131314,16380
