131359,1
131359,4
131359,12
131359,28
131359,60
131359,92
131359,124
131359,156
131359,188
131359,220
131359,252
131359,284
131359,316
131359,348
131359,380
131359,412
131359,444
131359,476
131359,508
131359,540
131359,572
131359,604
131359,636
131359,668
131359,700
131359,732
131359,764
131359,796
131359,828
131359,860
131359,892
131359,924
131359,956
131359,988
131359,1020
131359,1052
131359,1084
131359,1116
131359,1148
131359,1180
131359,1212
131359,1244
131359,1276
131359,1308
131359,1340
131359,1372
131359,1404
131359,1436
131359,1468
131359,1500
131359,1532
131359,1564
131359,1596
131359,1628
131359,1660
131359,1692
131359,1724
131359,1756
131359,1788
131359,1820
131359,1852
131359,1884
131359,1916
131359,1948
131359,1980
131359,2012
131359,2044
131359,2076
131359,2108
131359,2140
131359,2172
131359,2204
131359,2236
131359,2268
131359,2300
131359,2332
131359,2364
131359,2396
131359,2428
131359,2460
131359,2492
131359,2524
131359,2556
131359,2588
131359,2620
131359,2652
131359,2684
131359,2716
131359,2748
131359,2780
131359,2812
131359,2844
131359,2876
131359,2908
131359,2940
131359,2972
131359,3004
131359,3036
131359,3068
131359,3100
131359,3132
131359,3164
131359,3196
131359,3228
131359,3260
131359,3292
131359,3324
131359,3356
131359,3388
131359,3420
131359,3452
131359,3484
131359,3516
131359,3548
131359,3580
131359,3612
131359,3644
131359,3676
131359,3708
131359,3740
131359,3772
131359,3804
131359,3836
131359,3868
131359,3900
131359,3932
131359,3964
131359,3996
131359,4028
131359,4060
131359,4092
131359,4124
131359,4156
131359,4188
131359,4220
131359,4252
131359,4284
131359,4316
131359,4348
131359,4380
131359,4412
131359,4444
131359,4476
131359,4508
131359,4540
131359,4572
131359,4604
131359,4636
131359,4668
131359,4700
131359,4732
131359,4764
131359,4796
131359,4828
131359,4860
131359,4892
131359,4924
131359,4956
131359,4988
131359,5020
131359,5052
131359,5084
131359,5116
131359,5148
131359,5180
131359,5212
131359,5244
131359,5276
131359,5308
131359,5340
131359,5372
131359,5404
131359,5436
131359,5468
131359,5500
131359,5532
131359,5564
131359,5596
131359,5628
131359,5660
131359,5692
131359,5724
131359,5756
131359,5788
131359,5820
131359,5852
131359,5884
131359,5916
131359,5948
131359,5980
131359,6012
131359,6044
131359,6076
131359,6108
131359,6140
131359,6172
