131326,1
131326,4
131326,12
131326,28
131326,60
131326,92
131326,124
131326,156
131326,188
131326,220
131326,252
131326,284
131326,316
131326,348
131326,380
131326,412
131326,444
131326,476
131326,508
131326,540
131326,572
131326,604
131326,636
131326,668
131326,700
131326,732
131326,764
131326,796
131326,828
131326,860
131326,892
131326,924
131326,956
131326,988
131326,1020
131326,1052
131326,1084
131326,1116
131326,1148
131326,1180
131326,1212
131326,1244
131326,1276
131326,1308
131326,1340
131326,1372
131326,1404
131326,1436
131326,1468
131326,1500
131326,1532
131326,1564
131326,1596
131326,1628
131326,1660
131326,1692
131326,1724
131326,1756
131326,1788
131326,1820
131326,1852
131326,1884
131326,1916
131326,1948
131326,1980
131326,2012
131326,2044
131326,2076
131326,2108
131326,2140
131326,2172
131326,2204
131326,2236
131326,2268
131326,2300
131326,2332
131326,2364
131326,2396
131326,2428
131326,2460
131326,2492
131326,2524
131326,2556
131326,2588
131326,2620
131326,2652
131326,2684
131326,2716
131326,2748
131326,2780
131326,2812
131326,2844
131326,2876
131326,2908
131326,2940
131326,2972
131326,3004
131326,3036
131326,3068
131326,3100
131326,3132
131326,3164
131326,3196
131326,3228
131326,3260
131326,3292
131326,3324
131326,3356
131326,3388
131326,3420
131326,3452
131326,3484
131326,3516
131326,3548
131326,3580
131326,3612
131326,3644
131326,3676
131326,3708
131326,3740
131326,3772
131326,3804
131326,3836
131326,3868
131326,3900
131326,3932
131326,3964
131326,3996
131326,4028
131326,4060
131326,4092
131326,4124
131326,4156
131326,4188
131326,4220
131326,4252
131326,4284
131326,4316
131326,4348
131326,4380
131326,4412
131326,4444
131326,4476
131326,4508
131326,4540
131326,4572
131326,4604
131326,4636
131326,4668
131326,4700
131326,4732
131326,4764
131326,4796
131326,4828
131326,4860
131326,4892
131326,4924
131326,4956
131326,4988
131326,5020
131326,5052
131326,5084
131326,5116
131326,5148
131326,5180
131326,5212
131326,5244
131326,5276
131326,5308
131326,5340
131326,5372
131326,5404
131326,5436
131326,5468
131326,5500
131326,5532
131326,5564
131326,5596
131326,5628
131326,5660
131326,5692
131326,5724
131326,5756
131326,5788
131326,5820
131326,5852
131326,5884
131326,5916
131326,5948
131326,5980
131326,6012
131326,6044
131326,6076
131326,6108
131326,6140
131326,6172
131326,6204
