131386,8
131386,16
131386,48
131386,80
131386,112
131386,144
131386,176
131386,208
131386,240
131386,272
131386,304
131386,336
131386,368
131386,400
131386,432
131386,464
131386,496
131386,528
131386,560
131386,592
131386,624
131386,656
131386,688
131386,720
131386,752
131386,784
131386,816
131386,848
131386,880
131386,912
131386,944
131386,976
131386,1008
131386,1040
131386,1072
131386,1104
131386,1136
131386,1168
131386,1200
131386,1232
131386,1264
131386,1296
131386,1328
131386,1360
131386,1392
131386,1424
131386,1456
131386,1488
131386,1520
131386,1552
131386,1584
131386,1616
131386,1648
131386,1680
131386,1712
131386,1744
131386,1776
131386,1808
131386,1840
131386,1872
131386,1904
131386,1936
131386,1968
131386,2000
131386,2032
131386,2064
131386,2096
131386,2128
131386,2160
131386,2192
131386,2224
131386,2256
131386,2288
131386,2320
131386,2352
131386,2384
131386,2416
131386,2448
131386,2480
131386,2512
131386,2544
131386,2576
131386,2608
131386,2640
131386,2672
131386,2704
131386,2736
131386,2768
131386,2800
131386,2832
131386,2864
131386,2896
131386,2928
131386,2960
131386,2992
131386,3024
131386,3056
131386,3088
131386,3120
131386,3152
131386,3184
131386,3216
131386,3248
131386,3280
131386,3312
131386,3344
131386,3376
131386,3408
131386,3440
131386,3472
131386,3504
131386,3536
131386,3568
131386,3600
131386,3632
131386,3664
131386,3696
131386,3728
131386,3760
131386,3792
131386,3824
131386,3856
131386,3888
131386,3920
131386,3952
131386,3984
131386,4016
131386,4048
131386,4080
131386,4112
131386,4144
131386,4176
131386,4208
131386,4240
131386,4272
131386,4304
131386,4336
131386,4368
131386,4400
131386,4432
131386,4464
131386,4496
131386,4528
131386,4560
131386,4592
131386,4624
131386,4656
131386,4688
131386,4720
131386,4752
131386,4784
131386,4816
131386,4848
131386,4880
131386,4912
131386,4944
131386,4976
131386,5008
131386,5040
131386,5072
131386,5104
131386,5136
131386,5168
131386,5200
131386,5232
131386,5264
131386,5296
131386,5328
131386,5360
131386,5392
131386,5424
131386,5456
131386,5488
131386,5520
131386,5552
131386,5584
131386,5616
131386,5648
131386,5680
131386,5712
131386,5744
131386,5776
131386,5808
131386,5840
131386,5872
131386,5904
131386,5936
131386,5968
131386,6000
131386,6032
131386,6064
131386,6096
131386,6128
131386,6160
131386,6192
131386,6224
131386,6256
131386,6288
131386,6320
131386,6352
131386,6384
131386,6416
131386,6448
131386,6480
131386,6512
131386,6544
131386,6576
131386,6608
131386,6640
131386,6672
131386,6704
131386,6736
131386,6768
131386,6800
131386,6832
131386,6864
131386,6896
131386,6928
131386,6960
131386,6992
131386,7024
131386,7056
131386,7088
131386,7120
131386,7152
131386,7184
131386,7216
131386,7248
131386,7280
131386,7312
131386,7344
131386,7376
131386,7408
131386,7440
131386,7472
131386,7504
131386,7536
131386,7568
131386,7600
131386,7632
131386,7664
131386,7696
131386,7728
131386,7760
131386,7792
131386,7824
131386,7856
131386,7888
131386,7920
131386,7952
131386,7984
131386,8016
131386,8048
131386,8080
131386,8112
131386,8144
131386,8176
131386,8208
131386,8240
131386,8272
131386,8304
131386,8336
131386,8368
131386,8400
131386,8432
131386,8464
131386,8496
131386,8528
131386,8560
131386,8592
131386,8624
131386,8656
131386,8688
131386,8720
