131436,1
131436,4
131436,12
131436,28
131436,60
131436,92
131436,124
131436,156
131436,188
131436,220
131436,252
131436,284
131436,316
131436,348
131436,380
131436,412
131436,444
131436,476
131436,508
131436,540
131436,572
131436,604
131436,636
131436,668
131436,700
131436,732
131436,764
131436,796
131436,828
131436,860
131436,892
131436,924
131436,956
131436,988
131436,1020
131436,1052
131436,1084
131436,1116
131436,1148
131436,1180
131436,1212
131436,1244
131436,1276
131436,1308
131436,1340
131436,1372
131436,1404
131436,1436
131436,1468
131436,1500
131436,1532
131436,1564
131436,1596
131436,1628
131436,1660
131436,1692
131436,1724
131436,1756
131436,1788
131436,1820
131436,1852
131436,1884
131436,1916
131436,1948
131436,1980
131436,2012
131436,2044
131436,2076
131436,2108
131436,2140
131436,2172
131436,2204
131436,2236
131436,2268
131436,2300
131436,2332
131436,2364
131436,2396
131436,2428
131436,2460
131436,2492
131436,2524
131436,2556
131436,2588
131436,2620
131436,2652
131436,2684
131436,2716
131436,2748
131436,2780
131436,2812
131436,2844
131436,2876
131436,2908
131436,2940
131436,2972
131436,3004
131436,3036
131436,3068
131436,3100
131436,3132
131436,3164
131436,3196
131436,3228
131436,3260
131436,3292
131436,3324
131436,3356
131436,3388
131436,3420
131436,3452
131436,3484
131436,3516
131436,3548
131436,3580
131436,3612
131436,3644
131436,3676
131436,3708
131436,3740
131436,3772
131436,3804
131436,3836
131436,3868
131436,3900
131436,3932
131436,3964
131436,3996
131436,4028
131436,4060
131436,4092
131436,4124
131436,4156
131436,4188
131436,4220
131436,4252
131436,4284
131436,4316
131436,4348
131436,4380
131436,4412
131436,4444
131436,4476
131436,4508
131436,4540
131436,4572
131436,4604
131436,4636
131436,4668
131436,4700
131436,4732
131436,4764
131436,4796
131436,4828
131436,4860
131436,4892
131436,4924
131436,4956
131436,4988
131436,5020
131436,5052
131436,5084
131436,5116
131436,5148
131436,5180
131436,5212
131436,5244
131436,5276
131436,5308
131436,5340
131436,5372
131436,5404
131436,5436
131436,5468
131436,5500
131436,5532
131436,5564
131436,5596
131436,5628
131436,5660
131436,5692
131436,5724
131436,5756
131436,5788
131436,5820
131436,5852
131436,5884
131436,5916
131436,5948
131436,5980
131436,6012
131436,6044
131436,6076
131436,6108
131436,6140
131436,6172
131436,6204
131436,6236
131436,6268
131436,6300
131436,6332
131436,6364
131436,6396
131436,6428
131436,6460
131436,6492
131436,6524
131436,6556
131436,6588
131436,6620
131436,6652
131436,6684
131436,6716
131436,6748
131436,6780
131436,6812
131436,6844
131436,6876
131436,6908
131436,6940
131436,6972
131436,7004
131436,7036
131436,7068
131436,7100
131436,7132
131436,7164
131436,7196
131436,7228
131436,7260
131436,7292
131436,7324
131436,7356
131436,7388
131436,7420
131436,7452
131436,7484
131436,7516
131436,7548
131436,7580
131436,7612
131436,7644
131436,7676
131436,7708
131436,7740
131436,7772
131436,7804
131436,7836
131436,7868
131436,7900
131436,7932
131436,7964
131436,7996
131436,8028
131436,8060
131436,8092
131436,8124
131436,8156
131436,8188
131436,8220
131436,8252
131436,8284
131436,8316
131436,8348
131436,8380
131436,8412
131436,8444
131436,8476
131436,8508
131436,8540
131436,8572
131436,8604
131436,8636
131436,8668
131436,8700
131436,8732
131436,8764
131436,8796
131436,8828
131436,8860
131436,8892
131436,8924
131436,8956
131436,8988
131436,9020
131436,9052
131436,9084
131436,9116
131436,9148
131436,9180
131436,9212
131436,9244
131436,9276
131436,9308
131436,9340
131436,9372
131436,9404
131436,9436
131436,9468
131436,9500
131436,9532
131436,9564
131436,9596
131436,9628
131436,9660
131436,9692
131436,9724
131436,9756
131436,9788
131436,9820
131436,9852
131436,9884
131436,9916
131436,9948
131436,9980
131436,10012
131436,10044
131436,10076
131436,10108
131436,10140
131436,10172
131436,10204
131436,10236
131436,10268
131436,10300
131436,10332
131436,10364
131436,10396
131436,10428
131436,10460
131436,10492
131436,10524
131436,10556
131436,10588
131436,10620
131436,10652
131436,10684
131436,10716
131436,10748
131436,10780
131436,10812
131436,10844
131436,10876
131436,10908
131436,10940
131436,10972
131436,11004
131436,11036
131436,11068
131436,11100
131436,11132
131436,11164
131436,11196
131436,11228
131436,11260
131436,11292
131436,11324
131436,11356
131436,11388
131436,11420
131436,11452
131436,11484
131436,11516
131436,11548
131436,11580
131436,11612
131436,11644
131436,11676
131436,11708
131436,11740
131436,11772
131436,11804
131436,11836
131436,11868
131436,11900
131436,11932
131436,11964
131436,11996
131436,12028
131436,12060
131436,12092
131436,12124
131436,12156
131436,12188
131436,12220
131436,12252
131436,12284
131436,12316
131436,12348
131436,12380
131436,12412
131436,12444
131436,12476
131436,12508
131436,12540
131436,12572
131436,12604
131436,12636
131436,12668
131436,12700
131436,12732
131436,12764
131436,12796
131436,12828
131436,12860
131436,12892
131436,12924
131436,12956
131436,12988
131436,13020
131436,13052
131436,13084
131436,13116
131436,13148
131436,13180
131436,13212
131436,13244
131436,13276
131436,13308
131436,13340
131436,13372
131436,13404
131436,13436
131436,13468
131436,13500
131436,13532
131436,13564
131436,13596
131436,13628
131436,13660
131436,13692
131436,13724
131436,13756
131436,13788
131436,13820
131436,13852
131436,13884
131436,13916
131436,13948
131436,13980
131436,14012
131436,14044
131436,14076
131436,14108
131436,14140
131436,14172
131436,14204
131436,14236
131436,14268
131436,14300
131436,14332
131436,14364
131436,14396
131436,14428
131436,14460
131436,14492
131436,14524
131436,14556
131436,14588
131436,14620
131436,14652
131436,14684
131436,14716
131436,14748
131436,14780
131436,14812
131436,14844
131436,14876
131436,14908
131436,14940
131436,14972
131436,15004
131436,15036
131436,15068
131436,15100
131436,15132
131436,15164
131436,15196
131436,15228
131436,15260
131436,15292
131436,15324
131436,15356
131436,15388
131436,15420
131436,15452
131436,15484
131436,15516
131436,15548
131436,15580
131436,15612
131436,15644
131436,15676
131436,15708
131436,15740
131436,15772
131436,15804
131436,15836
131436,15868
131436,15900
131436,15932
131436,15964
131436,15996
131436,16028
131436,16060
131436,16092
131436,16124
131436,16156
131436,16188
131436,16220
131436,16252
131436,16284
131436,16316
131436,16348
131436,16380
