131493,1
131493,4
131493,12
131493,28
131493,60
131493,92
131493,124
131493,156
131493,188
131493,220
131493,252
131493,284
131493,316
131493,348
131493,380
131493,412
131493,444
131493,476
131493,508
131493,540
131493,572
131493,604
131493,636
131493,668
131493,700
131493,732
131493,764
131493,796
131493,828
131493,860
131493,892
131493,924
131493,956
131493,988
131493,1020
131493,1052
131493,1084
131493,1116
131493,1148
131493,1180
131493,1212
131493,1244
131493,1276
131493,1308
131493,1340
131493,1372
131493,1404
131493,1436
131493,1468
131493,1500
131493,1532
131493,1564
131493,1596
131493,1628
131493,1660
131493,1692
131493,1724
131493,1756
131493,1788
131493,1820
131493,1852
131493,1884
131493,1916
131493,1948
131493,1980
131493,2012
131493,2044
131493,2076
131493,2108
131493,2140
131493,2172
131493,2204
131493,2236
131493,2268
131493,2300
131493,2332
131493,2364
131493,2396
131493,2428
131493,2460
131493,2492
131493,2524
131493,2556
131493,2588
131493,2620
131493,2652
131493,2684
131493,2716
131493,2748
131493,2780
131493,2812
131493,2844
131493,2876
131493,2908
131493,2940
131493,2972
131493,3004
131493,3036
131493,3068
131493,3100
131493,3132
131493,3164
131493,3196
131493,3228
131493,3260
131493,3292
131493,3324
131493,3356
131493,3388
131493,3420
131493,3452
131493,3484
131493,3516
131493,3548
131493,3580
131493,3612
131493,3644
131493,3676
131493,3708
131493,3740
131493,3772
131493,3804
131493,3836
131493,3868
131493,3900
131493,3932
131493,3964
131493,3996
131493,4028
131493,4060
131493,4092
131493,4124
131493,4156
131493,4188
131493,4220
131493,4252
131493,4284
131493,4316
131493,4348
131493,4380
131493,4412
131493,4444
131493,4476
131493,4508
131493,4540
131493,4572
131493,4604
131493,4636
131493,4668
131493,4700
131493,4732
131493,4764
131493,4796
131493,4828
131493,4860
131493,4892
131493,4924
131493,4956
131493,4988
131493,5020
131493,5052
131493,5084
131493,5116
131493,5148
131493,5180
131493,5212
131493,5244
131493,5276
131493,5308
131493,5340
131493,5372
131493,5404
131493,5436
131493,5468
131493,5500
131493,5532
131493,5564
131493,5596
131493,5628
131493,5660
131493,5692
131493,5724
131493,5756
131493,5788
131493,5820
131493,5852
131493,5884
131493,5916
131493,5948
131493,5980
131493,6012
131493,6044
131493,6076
131493,6108
131493,6140
131493,6172
131493,6204
131493,6236
131493,6268
131493,6300
131493,6332
131493,6364
131493,6396
131493,6428
131493,6460
131493,6492
131493,6524
131493,6556
131493,6588
131493,6620
131493,6652
131493,6684
131493,6716
131493,6748
131493,6780
131493,6812
131493,6844
131493,6876
131493,6908
131493,6940
131493,6972
131493,7004
131493,7036
131493,7068
131493,7100
131493,7132
131493,7164
131493,7196
131493,7228
131493,7260
131493,7292
131493,7324
131493,7356
131493,7388
131493,7420
131493,7452
131493,7484
131493,7516
131493,7548
131493,7580
131493,7612
131493,7644
131493,7676
131493,7708
131493,7740
131493,7772
131493,7804
131493,7836
131493,7868
131493,7900
131493,7932
131493,7964
131493,7996
131493,8028
131493,8060
131493,8092
131493,8124
131493,8156
131493,8188
131493,8220
131493,8252
131493,8284
131493,8316
131493,8348
131493,8380
131493,8412
131493,8444
131493,8476
131493,8508
131493,8540
131493,8572
131493,8604
131493,8636
131493,8668
131493,8700
131493,8732
131493,8764
131493,8796
131493,8828
131493,8860
131493,8892
131493,8924
131493,8956
131493,8988
131493,9020
131493,9052
131493,9084
131493,9116
131493,9148
131493,9180
131493,9212
131493,9244
131493,9276
131493,9308
131493,9340
131493,9372
131493,9404
131493,9436
131493,9468
131493,9500
131493,9532
131493,9564
131493,9596
131493,9628
131493,9660
131493,9692
131493,9724
131493,9756
131493,9788
131493,9820
131493,9852
131493,9884
131493,9916
131493,9948
131493,9980
131493,10012
131493,10044
131493,10076
131493,10108
131493,10140
131493,10172
131493,10204
131493,10236
131493,10268
131493,10300
131493,10332
131493,10364
131493,10396
131493,10428
131493,10460
131493,10492
131493,10524
131493,10556
131493,10588
131493,10620
131493,10652
131493,10684
131493,10716
131493,10748
131493,10780
131493,10812
131493,10844
131493,10876
131493,10908
131493,10940
131493,10972
131493,11004
131493,11036
131493,11068
131493,11100
131493,11132
131493,11164
131493,11196
131493,11228
131493,11260
131493,11292
131493,11324
131493,11356
131493,11388
131493,11420
131493,11452
131493,11484
131493,11516
131493,11548
131493,11580
131493,11612
131493,11644
131493,11676
131493,11708
131493,11740
131493,11772
131493,11804
131493,11836
131493,11868
131493,11900
131493,11932
131493,11964
131493,11996
131493,12028
131493,12060
131493,12092
131493,12124
131493,12156
131493,12188
131493,12220
131493,12252
131493,12284
131493,12316
131493,12348
131493,12380
131493,12412
131493,12444
131493,12476
131493,12508
131493,12540
131493,12572
131493,12604
131493,12636
131493,12668
131493,12700
131493,12732
131493,12764
131493,12796
131493,12828
131493,12860
131493,12892
131493,12924
131493,12956
131493,12988
131493,13020
131493,13052
131493,13084
131493,13116
131493,13148
131493,13180
131493,13212
131493,13244
131493,13276
131493,13308
131493,13340
131493,13372
131493,13404
131493,13436
131493,13468
131493,13500
131493,13532
131493,13564
131493,13596
131493,13628
131493,13660
131493,13692
131493,13724
131493,13756
131493,13788
131493,13820
131493,13852
131493,13884
131493,13916
131493,13948
131493,13980
131493,14012
131493,14044
131493,14076
131493,14108
131493,14140
131493,14172
131493,14204
131493,14236
131493,14268
131493,14300
131493,14332
131493,14364
131493,14396
131493,14428
131493,14460
131493,14492
131493,14524
131493,14556
131493,14588
131493,14620
131493,14652
131493,14684
131493,14716
131493,14748
131493,14780
131493,14812
131493,14844
131493,14876
131493,14908
131493,14940
131493,14972
131493,15004
131493,15036
131493,15068
131493,15100
131493,15132
131493,15164
131493,15196
131493,15228
131493,15260
131493,15292
131493,15324
131493,15356
131493,15388
131493,15420
131493,15452
131493,15484
131493,15516
131493,15548
131493,15580
131493,15612
131493,15644
131493,15676
131493,15708
131493,15740
131493,15772
131493,15804
131493,15836
131493,15868
131493,15900
131493,15932
131493,15964
131493,15996
131493,16028
131493,16060
131493,16092
131493,16124
131493,16156
131493,16188
131493,16220
131493,16252
131493,16284
131493,16316
131493,16348
131493,16380
