131515,1
131515,4
131515,12
131515,28
131515,60
131515,92
131515,124
131515,156
131515,188
131515,220
131515,252
131515,284
131515,316
131515,348
131515,380
131515,412
131515,444
131515,476
131515,508
131515,540
131515,572
131515,604
131515,636
131515,668
131515,700
131515,732
131515,764
131515,796
131515,828
131515,860
131515,892
131515,924
131515,956
131515,988
131515,1020
131515,1052
131515,1084
131515,1116
131515,1148
131515,1180
131515,1212
131515,1244
131515,1276
131515,1308
131515,1340
131515,1372
131515,1404
131515,1436
131515,1468
131515,1500
131515,1532
131515,1564
131515,1596
131515,1628
131515,1660
131515,1692
131515,1724
131515,1756
131515,1788
131515,1820
131515,1852
131515,1884
131515,1916
131515,1948
131515,1980
131515,2012
131515,2044
131515,2076
131515,2108
131515,2140
131515,2172
131515,2204
131515,2236
131515,2268
131515,2300
131515,2332
131515,2364
131515,2396
131515,2428
131515,2460
131515,2492
131515,2524
131515,2556
131515,2588
131515,2620
131515,2652
131515,2684
131515,2716
131515,2748
131515,2780
131515,2812
131515,2844
131515,2876
131515,2908
131515,2940
131515,2972
131515,3004
131515,3036
131515,3068
131515,3100
131515,3132
131515,3164
131515,3196
131515,3228
131515,3260
131515,3292
131515,3324
131515,3356
131515,3388
131515,3420
131515,3452
131515,3484
131515,3516
131515,3548
131515,3580
131515,3612
131515,3644
131515,3676
131515,3708
131515,3740
131515,3772
131515,3804
131515,3836
131515,3868
131515,3900
131515,3932
131515,3964
131515,3996
131515,4028
131515,4060
131515,4092
131515,4124
131515,4156
131515,4188
131515,4220
131515,4252
131515,4284
131515,4316
131515,4348
131515,4380
131515,4412
131515,4444
131515,4476
131515,4508
131515,4540
131515,4572
131515,4604
131515,4636
131515,4668
131515,4700
131515,4732
131515,4764
131515,4796
131515,4828
131515,4860
131515,4892
131515,4924
131515,4956
131515,4988
131515,5020
131515,5052
131515,5084
131515,5116
131515,5148
131515,5180
131515,5212
131515,5244
131515,5276
131515,5308
131515,5340
131515,5372
131515,5404
131515,5436
131515,5468
131515,5500
131515,5532
131515,5564
131515,5596
131515,5628
131515,5660
131515,5692
131515,5724
131515,5756
131515,5788
131515,5820
131515,5852
131515,5884
131515,5916
131515,5948
131515,5980
131515,6012
131515,6044
131515,6076
131515,6108
131515,6140
131515,6172
131515,6204
131515,6236
131515,6268
131515,6300
131515,6332
131515,6364
131515,6396
131515,6428
131515,6460
131515,6492
131515,6524
131515,6556
131515,6588
131515,6620
131515,6652
131515,6684
131515,6716
131515,6748
131515,6780
131515,6812
131515,6844
131515,6876
131515,6908
131515,6940
131515,6972
131515,7004
131515,7036
131515,7068
131515,7100
131515,7132
131515,7164
131515,7196
131515,7228
131515,7260
131515,7292
131515,7324
131515,7356
131515,7388
131515,7420
131515,7452
131515,7484
131515,7516
131515,7548
131515,7580
131515,7612
131515,7644
131515,7676
131515,7708
131515,7740
131515,7772
131515,7804
131515,7836
131515,7868
131515,7900
131515,7932
131515,7964
131515,7996
131515,8028
131515,8060
131515,8092
131515,8124
131515,8156
131515,8188
131515,8220
131515,8252
131515,8284
131515,8316
131515,8348
131515,8380
131515,8412
131515,8444
131515,8476
131515,8508
131515,8540
131515,8572
131515,8604
131515,8636
131515,8668
131515,8700
131515,8732
131515,8764
131515,8796
131515,8828
131515,8860
131515,8892
131515,8924
131515,8956
131515,8988
131515,9020
131515,9052
131515,9084
131515,9116
131515,9148
131515,9180
131515,9212
131515,9244
131515,9276
131515,9308
131515,9340
131515,9372
131515,9404
131515,9436
131515,9468
131515,9500
131515,9532
131515,9564
131515,9596
131515,9628
131515,9660
131515,9692
131515,9724
131515,9756
131515,9788
131515,9820
131515,9852
131515,9884
131515,9916
131515,9948
131515,9980
131515,10012
131515,10044
131515,10076
131515,10108
131515,10140
131515,10172
131515,10204
131515,10236
131515,10268
131515,10300
131515,10332
131515,10364
131515,10396
131515,10428
131515,10460
131515,10492
131515,10524
131515,10556
131515,10588
131515,10620
131515,10652
131515,10684
131515,10716
131515,10748
131515,10780
131515,10812
131515,10844
131515,10876
131515,10908
131515,10940
131515,10972
131515,11004
131515,11036
131515,11068
131515,11100
131515,11132
131515,11164
131515,11196
131515,11228
131515,11260
131515,11292
131515,11324
131515,11356
131515,11388
131515,11420
131515,11452
131515,11484
131515,11516
131515,11548
131515,11580
131515,11612
131515,11644
131515,11676
131515,11708
131515,11740
131515,11772
131515,11804
131515,11836
131515,11868
131515,11900
131515,11932
131515,11964
131515,11996
131515,12028
131515,12060
131515,12092
131515,12124
131515,12156
131515,12188
131515,12220
131515,12252
131515,12284
131515,12316
131515,12348
131515,12380
131515,12412
131515,12444
131515,12476
131515,12508
131515,12540
131515,12572
131515,12604
131515,12636
131515,12668
131515,12700
131515,12732
131515,12764
131515,12796
131515,12828
131515,12860
131515,12892
131515,12924
131515,12956
131515,12988
131515,13020
131515,13052
131515,13084
131515,13116
131515,13148
131515,13180
131515,13212
131515,13244
131515,13276
131515,13308
131515,13340
131515,13372
131515,13404
131515,13436
131515,13468
131515,13500
131515,13532
131515,13564
131515,13596
131515,13628
131515,13660
131515,13692
131515,13724
131515,13756
131515,13788
131515,13820
131515,13852
131515,13884
131515,13916
131515,13948
131515,13980
131515,14012
131515,14044
131515,14076
131515,14108
131515,14140
131515,14172
131515,14204
131515,14236
131515,14268
131515,14300
131515,14332
131515,14364
131515,14396
131515,14428
131515,14460
131515,14492
131515,14524
131515,14556
131515,14588
131515,14620
131515,14652
131515,14684
131515,14716
131515,14748
131515,14780
131515,14812
131515,14844
131515,14876
131515,14908
131515,14940
131515,14972
131515,15004
131515,15036
131515,15068
131515,15100
131515,15132
131515,15164
131515,15196
131515,15228
131515,15260
131515,15292
131515,15324
131515,15356
131515,15388
131515,15420
131515,15452
131515,15484
131515,15516
131515,15548
131515,15580
131515,15612
131515,15644
131515,15676
131515,15708
131515,15740
131515,15772
131515,15804
131515,15836
131515,15868
131515,15900
131515,15932
131515,15964
131515,15996
131515,16028
131515,16060
131515,16092
131515,16124
131515,16156
131515,16188
131515,16220
131515,16252
131515,16284
131515,16316
131515,16348
131515,16380
