131507,1
131507,4
131507,12
131507,28
131507,60
131507,92
131507,124
131507,156
131507,188
131507,220
131507,252
131507,284
131507,316
131507,348
131507,380
131507,412
131507,444
131507,476
131507,508
131507,540
131507,572
131507,604
131507,636
131507,668
131507,700
131507,732
131507,764
131507,796
131507,828
131507,860
131507,892
131507,924
131507,956
131507,988
131507,1020
131507,1052
131507,1084
131507,1116
131507,1148
131507,1180
131507,1212
131507,1244
131507,1276
131507,1308
131507,1340
131507,1372
131507,1404
131507,1436
131507,1468
131507,1500
131507,1532
131507,1564
131507,1596
131507,1628
131507,1660
131507,1692
131507,1724
131507,1756
131507,1788
131507,1820
131507,1852
131507,1884
131507,1916
131507,1948
131507,1980
131507,2012
131507,2044
131507,2076
131507,2108
131507,2140
131507,2172
131507,2204
131507,2236
131507,2268
131507,2300
131507,2332
131507,2364
131507,2396
131507,2428
131507,2460
131507,2492
131507,2524
131507,2556
131507,2588
131507,2620
131507,2652
131507,2684
131507,2716
131507,2748
131507,2780
131507,2812
131507,2844
131507,2876
131507,2908
131507,2940
131507,2972
131507,3004
131507,3036
131507,3068
131507,3100
131507,3132
131507,3164
131507,3196
131507,3228
131507,3260
131507,3292
131507,3324
131507,3356
131507,3388
131507,3420
131507,3452
131507,3484
131507,3516
131507,3548
131507,3580
131507,3612
131507,3644
131507,3676
131507,3708
131507,3740
131507,3772
131507,3804
131507,3836
131507,3868
131507,3900
131507,3932
131507,3964
131507,3996
131507,4028
131507,4060
131507,4092
131507,4124
131507,4156
131507,4188
131507,4220
131507,4252
131507,4284
131507,4316
131507,4348
131507,4380
131507,4412
131507,4444
131507,4476
131507,4508
131507,4540
131507,4572
131507,4604
131507,4636
131507,4668
131507,4700
131507,4732
131507,4764
131507,4796
131507,4828
131507,4860
131507,4892
131507,4924
131507,4956
131507,4988
131507,5020
131507,5052
131507,5084
131507,5116
131507,5148
131507,5180
131507,5212
131507,5244
131507,5276
131507,5308
131507,5340
131507,5372
131507,5404
131507,5436
131507,5468
131507,5500
131507,5532
131507,5564
131507,5596
131507,5628
131507,5660
131507,5692
131507,5724
131507,5756
131507,5788
131507,5820
131507,5852
131507,5884
131507,5916
131507,5948
131507,5980
131507,6012
131507,6044
131507,6076
131507,6108
131507,6140
131507,6172
131507,6204
131507,6236
131507,6268
131507,6300
131507,6332
131507,6364
131507,6396
131507,6428
131507,6460
131507,6492
131507,6524
131507,6556
131507,6588
131507,6620
131507,6652
131507,6684
131507,6716
131507,6748
131507,6780
131507,6812
131507,6844
131507,6876
131507,6908
131507,6940
131507,6972
131507,7004
131507,7036
131507,7068
131507,7100
131507,7132
131507,7164
131507,7196
131507,7228
131507,7260
131507,7292
131507,7324
131507,7356
131507,7388
131507,7420
131507,7452
131507,7484
131507,7516
131507,7548
131507,7580
131507,7612
131507,7644
131507,7676
131507,7708
131507,7740
131507,7772
131507,7804
131507,7836
131507,7868
131507,7900
131507,7932
131507,7964
131507,7996
131507,8028
131507,8060
131507,8092
131507,8124
131507,8156
131507,8188
131507,8220
131507,8252
131507,8284
131507,8316
131507,8348
131507,8380
131507,8412
131507,8444
131507,8476
131507,8508
131507,8540
131507,8572
131507,8604
131507,8636
131507,8668
131507,8700
131507,8732
131507,8764
131507,8796
131507,8828
131507,8860
131507,8892
131507,8924
131507,8956
131507,8988
131507,9020
131507,9052
131507,9084
131507,9116
131507,9148
131507,9180
131507,9212
131507,9244
131507,9276
131507,9308
131507,9340
131507,9372
131507,9404
131507,9436
131507,9468
131507,9500
131507,9532
131507,9564
131507,9596
131507,9628
131507,9660
131507,9692
131507,9724
131507,9756
131507,9788
131507,9820
131507,9852
131507,9884
131507,9916
131507,9948
131507,9980
131507,10012
131507,10044
131507,10076
131507,10108
131507,10140
131507,10172
131507,10204
131507,10236
131507,10268
131507,10300
131507,10332
131507,10364
131507,10396
131507,10428
131507,10460
131507,10492
131507,10524
131507,10556
131507,10588
131507,10620
131507,10652
131507,10684
131507,10716
131507,10748
131507,10780
131507,10812
131507,10844
131507,10876
131507,10908
131507,10940
131507,10972
131507,11004
131507,11036
131507,11068
131507,11100
131507,11132
131507,11164
131507,11196
131507,11228
131507,11260
131507,11292
131507,11324
131507,11356
131507,11388
131507,11420
131507,11452
131507,11484
131507,11516
131507,11548
131507,11580
131507,11612
131507,11644
131507,11676
131507,11708
131507,11740
131507,11772
131507,11804
131507,11836
131507,11868
131507,11900
131507,11932
131507,11964
131507,11996
131507,12028
131507,12060
131507,12092
131507,12124
131507,12156
131507,12188
131507,12220
131507,12252
131507,12284
131507,12316
131507,12348
131507,12380
131507,12412
131507,12444
131507,12476
131507,12508
131507,12540
131507,12572
131507,12604
131507,12636
131507,12668
131507,12700
131507,12732
131507,12764
131507,12796
131507,12828
131507,12860
131507,12892
131507,12924
131507,12956
131507,12988
131507,13020
131507,13052
131507,13084
131507,13116
131507,13148
131507,13180
131507,13212
131507,13244
131507,13276
131507,13308
131507,13340
131507,13372
131507,13404
131507,13436
131507,13468
131507,13500
131507,13532
131507,13564
131507,13596
131507,13628
131507,13660
131507,13692
131507,13724
131507,13756
131507,13788
131507,13820
131507,13852
131507,13884
131507,13916
131507,13948
131507,13980
131507,14012
131507,14044
131507,14076
131507,14108
131507,14140
131507,14172
131507,14204
131507,14236
131507,14268
131507,14300
131507,14332
131507,14364
131507,14396
131507,14428
131507,14460
131507,14492
131507,14524
131507,14556
131507,14588
131507,14620
131507,14652
131507,14684
131507,14716
131507,14748
131507,14780
131507,14812
131507,14844
131507,14876
131507,14908
131507,14940
131507,14972
131507,15004
131507,15036
131507,15068
131507,15100
131507,15132
131507,15164
131507,15196
131507,15228
131507,15260
131507,15292
131507,15324
131507,15356
131507,15388
131507,15420
131507,15452
131507,15484
131507,15516
131507,15548
131507,15580
131507,15612
131507,15644
131507,15676
131507,15708
131507,15740
131507,15772
131507,15804
131507,15836
131507,15868
131507,15900
131507,15932
131507,15964
131507,15996
131507,16028
131507,16060
131507,16092
131507,16124
131507,16156
131507,16188
131507,16220
131507,16252
131507,16284
131507,16316
131507,16348
131507,16380
