131516,1
131516,4
131516,12
131516,28
131516,60
131516,92
131516,124
131516,156
131516,188
131516,220
131516,252
131516,284
131516,316
131516,348
131516,380
131516,412
131516,444
131516,476
131516,508
131516,540
131516,572
131516,604
131516,636
131516,668
131516,700
131516,732
131516,764
131516,796
131516,828
131516,860
131516,892
131516,924
131516,956
131516,988
131516,1020
131516,1052
131516,1084
131516,1116
131516,1148
131516,1180
131516,1212
131516,1244
131516,1276
131516,1308
131516,1340
131516,1372
131516,1404
131516,1436
131516,1468
131516,1500
131516,1532
131516,1564
131516,1596
131516,1628
131516,1660
131516,1692
131516,1724
131516,1756
131516,1788
131516,1820
131516,1852
131516,1884
131516,1916
131516,1948
131516,1980
131516,2012
131516,2044
131516,2076
131516,2108
131516,2140
131516,2172
131516,2204
131516,2236
131516,2268
131516,2300
131516,2332
131516,2364
131516,2396
131516,2428
131516,2460
131516,2492
131516,2524
131516,2556
131516,2588
131516,2620
131516,2652
131516,2684
131516,2716
131516,2748
131516,2780
131516,2812
131516,2844
131516,2876
131516,2908
131516,2940
131516,2972
131516,3004
131516,3036
131516,3068
131516,3100
131516,3132
131516,3164
131516,3196
131516,3228
131516,3260
131516,3292
131516,3324
131516,3356
131516,3388
131516,3420
131516,3452
131516,3484
131516,3516
131516,3548
131516,3580
131516,3612
131516,3644
131516,3676
131516,3708
131516,3740
131516,3772
131516,3804
131516,3836
131516,3868
131516,3900
131516,3932
131516,3964
131516,3996
131516,4028
131516,4060
131516,4092
131516,4124
131516,4156
131516,4188
131516,4220
131516,4252
131516,4284
131516,4316
131516,4348
131516,4380
131516,4412
131516,4444
131516,4476
131516,4508
131516,4540
131516,4572
131516,4604
131516,4636
131516,4668
131516,4700
131516,4732
131516,4764
131516,4796
131516,4828
131516,4860
131516,4892
131516,4924
131516,4956
131516,4988
131516,5020
131516,5052
131516,5084
131516,5116
131516,5148
131516,5180
131516,5212
131516,5244
131516,5276
131516,5308
131516,5340
131516,5372
131516,5404
131516,5436
131516,5468
131516,5500
131516,5532
131516,5564
131516,5596
131516,5628
131516,5660
131516,5692
131516,5724
131516,5756
131516,5788
131516,5820
131516,5852
131516,5884
131516,5916
131516,5948
131516,5980
131516,6012
131516,6044
131516,6076
131516,6108
131516,6140
131516,6172
131516,6204
131516,6236
131516,6268
131516,6300
131516,6332
131516,6364
131516,6396
131516,6428
131516,6460
131516,6492
131516,6524
131516,6556
131516,6588
131516,6620
131516,6652
131516,6684
131516,6716
131516,6748
131516,6780
131516,6812
131516,6844
131516,6876
131516,6908
131516,6940
131516,6972
131516,7004
131516,7036
131516,7068
131516,7100
131516,7132
131516,7164
131516,7196
131516,7228
131516,7260
131516,7292
131516,7324
131516,7356
131516,7388
131516,7420
131516,7452
131516,7484
131516,7516
131516,7548
131516,7580
131516,7612
131516,7644
131516,7676
131516,7708
131516,7740
131516,7772
131516,7804
131516,7836
131516,7868
131516,7900
131516,7932
131516,7964
131516,7996
131516,8028
131516,8060
131516,8092
131516,8124
131516,8156
131516,8188
131516,8220
131516,8252
131516,8284
131516,8316
131516,8348
131516,8380
131516,8412
131516,8444
131516,8476
131516,8508
131516,8540
131516,8572
131516,8604
131516,8636
131516,8668
131516,8700
131516,8732
131516,8764
131516,8796
131516,8828
131516,8860
131516,8892
131516,8924
131516,8956
131516,8988
131516,9020
131516,9052
131516,9084
131516,9116
131516,9148
131516,9180
131516,9212
131516,9244
131516,9276
131516,9308
131516,9340
131516,9372
131516,9404
131516,9436
131516,9468
131516,9500
131516,9532
131516,9564
131516,9596
131516,9628
131516,9660
131516,9692
131516,9724
131516,9756
131516,9788
131516,9820
131516,9852
131516,9884
131516,9916
131516,9948
131516,9980
131516,10012
131516,10044
131516,10076
131516,10108
131516,10140
131516,10172
131516,10204
131516,10236
131516,10268
131516,10300
131516,10332
131516,10364
131516,10396
131516,10428
131516,10460
131516,10492
131516,10524
131516,10556
131516,10588
131516,10620
131516,10652
131516,10684
131516,10716
131516,10748
131516,10780
131516,10812
131516,10844
131516,10876
131516,10908
131516,10940
131516,10972
131516,11004
131516,11036
131516,11068
131516,11100
131516,11132
131516,11164
131516,11196
131516,11228
131516,11260
131516,11292
131516,11324
131516,11356
131516,11388
131516,11420
131516,11452
131516,11484
131516,11516
131516,11548
131516,11580
131516,11612
131516,11644
131516,11676
131516,11708
131516,11740
131516,11772
131516,11804
131516,11836
131516,11868
131516,11900
131516,11932
131516,11964
131516,11996
131516,12028
131516,12060
131516,12092
131516,12124
131516,12156
131516,12188
131516,12220
131516,12252
131516,12284
131516,12316
131516,12348
131516,12380
131516,12412
131516,12444
131516,12476
131516,12508
131516,12540
131516,12572
131516,12604
131516,12636
131516,12668
131516,12700
131516,12732
131516,12764
131516,12796
131516,12828
131516,12860
131516,12892
131516,12924
131516,12956
131516,12988
131516,13020
131516,13052
131516,13084
131516,13116
131516,13148
131516,13180
131516,13212
131516,13244
131516,13276
131516,13308
131516,13340
131516,13372
131516,13404
131516,13436
131516,13468
131516,13500
131516,13532
131516,13564
131516,13596
131516,13628
131516,13660
131516,13692
131516,13724
131516,13756
131516,13788
131516,13820
131516,13852
131516,13884
131516,13916
131516,13948
131516,13980
131516,14012
131516,14044
131516,14076
131516,14108
131516,14140
131516,14172
131516,14204
131516,14236
131516,14268
131516,14300
131516,14332
131516,14364
131516,14396
131516,14428
131516,14460
131516,14492
131516,14524
131516,14556
131516,14588
131516,14620
131516,14652
131516,14684
131516,14716
131516,14748
131516,14780
131516,14812
131516,14844
131516,14876
131516,14908
131516,14940
131516,14972
131516,15004
131516,15036
131516,15068
131516,15100
131516,15132
131516,15164
131516,15196
131516,15228
131516,15260
131516,15292
131516,15324
131516,15356
131516,15388
131516,15420
131516,15452
131516,15484
131516,15516
131516,15548
131516,15580
131516,15612
131516,15644
131516,15676
131516,15708
131516,15740
131516,15772
131516,15804
131516,15836
131516,15868
131516,15900
131516,15932
131516,15964
131516,15996
131516,16028
131516,16060
131516,16092
131516,16124
131516,16156
131516,16188
131516,16220
131516,16252
131516,16284
131516,16316
131516,16348
131516,16380
