131510,1
131510,4
131510,12
131510,28
131510,60
131510,92
131510,124
131510,156
131510,188
131510,220
131510,252
131510,284
131510,316
131510,348
131510,380
131510,412
131510,444
131510,476
131510,508
131510,540
131510,572
131510,604
131510,636
131510,668
131510,700
131510,732
131510,764
131510,796
131510,828
131510,860
131510,892
131510,924
131510,956
131510,988
131510,1020
131510,1052
131510,1084
131510,1116
131510,1148
131510,1180
131510,1212
131510,1244
131510,1276
131510,1308
131510,1340
131510,1372
131510,1404
131510,1436
131510,1468
131510,1500
131510,1532
131510,1564
131510,1596
131510,1628
131510,1660
131510,1692
131510,1724
131510,1756
131510,1788
131510,1820
131510,1852
131510,1884
131510,1916
131510,1948
131510,1980
131510,2012
131510,2044
131510,2076
131510,2108
131510,2140
131510,2172
131510,2204
131510,2236
131510,2268
131510,2300
131510,2332
131510,2364
131510,2396
131510,2428
131510,2460
131510,2492
131510,2524
131510,2556
131510,2588
131510,2620
131510,2652
131510,2684
131510,2716
131510,2748
131510,2780
131510,2812
131510,2844
131510,2876
131510,2908
131510,2940
131510,2972
131510,3004
131510,3036
131510,3068
131510,3100
131510,3132
131510,3164
131510,3196
131510,3228
131510,3260
131510,3292
131510,3324
131510,3356
131510,3388
131510,3420
131510,3452
131510,3484
131510,3516
131510,3548
131510,3580
131510,3612
131510,3644
131510,3676
131510,3708
131510,3740
131510,3772
131510,3804
131510,3836
131510,3868
131510,3900
131510,3932
131510,3964
131510,3996
131510,4028
131510,4060
131510,4092
131510,4124
131510,4156
131510,4188
131510,4220
131510,4252
131510,4284
131510,4316
131510,4348
131510,4380
131510,4412
131510,4444
131510,4476
131510,4508
131510,4540
131510,4572
131510,4604
131510,4636
131510,4668
131510,4700
