131161,1
131161,4
131161,12
131161,28
131161,60
131161,92
131161,124
131161,156
131161,188
131161,220
131161,252
131161,284
131161,316
131161,348
131161,380
131161,412
131161,444
131161,476
131161,508
131161,540
131161,572
131161,604
131161,636
131161,668
131161,700
131161,732
131161,764
131161,796
131161,828
131161,860
131161,892
131161,924
131161,956
131161,988
131161,1020
131161,1052
131161,1084
131161,1116
131161,1148
131161,1180
131161,1212
131161,1244
131161,1276
131161,1308
131161,1340
131161,1372
131161,1404
131161,1436
131161,1468
131161,1500
131161,1532
131161,1564
131161,1596
131161,1628
131161,1660
131161,1692
131161,1724
131161,1756
131161,1788
131161,1820
131161,1852
131161,1884
131161,1916
131161,1948
131161,1980
131161,2012
131161,2044
131161,2076
131161,2108
131161,2140
131161,2172
131161,2204
131161,2236
131161,2268
131161,2300
131161,2332
131161,2364
131161,2396
131161,2428
131161,2460
131161,2492
131161,2524
131161,2556
131161,2588
131161,2620
131161,2652
131161,2684
131161,2716
131161,2748
131161,2780
131161,2812
131161,2844
131161,2876
131161,2908
131161,2940
131161,2972
131161,3004
131161,3036
131161,3068
131161,3100
131161,3132
131161,3164
131161,3196
131161,3228
131161,3260
131161,3292
131161,3324
131161,3356
131161,3388
131161,3420
131161,3452
131161,3484
131161,3516
131161,3548
131161,3580
131161,3612
131161,3644
131161,3676
131161,3708
131161,3740
131161,3772
131161,3804
131161,3836
131161,3868
131161,3900
131161,3932
131161,3964
131161,3996
131161,4028
131161,4060
131161,4092
131161,4124
131161,4156
131161,4188
131161,4220
131161,4252
131161,4284
131161,4316
131161,4348
131161,4380
131161,4412
131161,4444
131161,4476
131161,4508
131161,4540
131161,4572
131161,4604
131161,4636
131161,4668
131161,4700
131161,4732
131161,4764
131161,4796
131161,4828
131161,4860
131161,4892
131161,4924
131161,4956
131161,4988
131161,5020
131161,5052
131161,5084
131161,5116
131161,5148
131161,5180
131161,5212
131161,5244
131161,5276
131161,5308
131161,5340
131161,5372
131161,5404
131161,5436
131161,5468
131161,5500
131161,5532
131161,5564
131161,5596
131161,5628
131161,5660
131161,5692
131161,5724
131161,5756
131161,5788
131161,5820
131161,5852
131161,5884
131161,5916
131161,5948
131161,5980
131161,6012
131161,6044
131161,6076
131161,6108
131161,6140
131161,6172
