131145,1
131145,4
131145,12
131145,28
131145,60
131145,92
131145,124
131145,156
131145,188
131145,220
131145,252
131145,284
131145,316
131145,348
131145,380
131145,412
131145,444
131145,476
131145,508
131145,540
131145,572
131145,604
131145,636
131145,668
131145,700
131145,732
131145,764
131145,796
131145,828
131145,860
131145,892
131145,924
131145,956
131145,988
131145,1020
131145,1052
131145,1084
131145,1116
131145,1148
131145,1180
131145,1212
131145,1244
131145,1276
131145,1308
131145,1340
131145,1372
131145,1404
131145,1436
131145,1468
131145,1500
131145,1532
131145,1564
131145,1596
131145,1628
131145,1660
131145,1692
131145,1724
131145,1756
131145,1788
131145,1820
131145,1852
131145,1884
131145,1916
131145,1948
131145,1980
131145,2012
131145,2044
131145,2076
131145,2108
131145,2140
131145,2172
131145,2204
131145,2236
131145,2268
131145,2300
131145,2332
131145,2364
131145,2396
131145,2428
131145,2460
131145,2492
131145,2524
131145,2556
131145,2588
131145,2620
131145,2652
131145,2684
131145,2716
131145,2748
131145,2780
131145,2812
131145,2844
131145,2876
131145,2908
131145,2940
131145,2972
131145,3004
131145,3036
131145,3068
131145,3100
131145,3132
131145,3164
131145,3196
131145,3228
131145,3260
131145,3292
131145,3324
131145,3356
131145,3388
131145,3420
131145,3452
131145,3484
131145,3516
131145,3548
131145,3580
131145,3612
131145,3644
131145,3676
131145,3708
131145,3740
131145,3772
131145,3804
131145,3836
131145,3868
131145,3900
131145,3932
131145,3964
131145,3996
131145,4028
131145,4060
131145,4092
131145,4124
131145,4156
131145,4188
131145,4220
131145,4252
131145,4284
131145,4316
131145,4348
131145,4380
131145,4412
131145,4444
131145,4476
131145,4508
131145,4540
131145,4572
131145,4604
131145,4636
131145,4668
131145,4700
131145,4732
131145,4764
131145,4796
131145,4828
131145,4860
131145,4892
131145,4924
131145,4956
131145,4988
131145,5020
131145,5052
131145,5084
131145,5116
131145,5148
131145,5180
131145,5212
131145,5244
131145,5276
131145,5308
131145,5340
131145,5372
131145,5404
131145,5436
131145,5468
131145,5500
131145,5532
131145,5564
131145,5596
131145,5628
131145,5660
131145,5692
131145,5724
131145,5756
131145,5788
131145,5820
131145,5852
131145,5884
131145,5916
131145,5948
131145,5980
131145,6012
131145,6044
131145,6076
131145,6108
131145,6140
131145,6172
131145,6204
