131121,1
131121,4
131121,12
131121,28
131121,60
131121,92
131121,124
131121,156
131121,188
131121,220
131121,252
131121,284
131121,316
131121,348
131121,380
131121,412
131121,444
131121,476
131121,508
131121,540
131121,572
131121,604
131121,636
131121,668
131121,700
131121,732
131121,764
131121,796
131121,828
131121,860
131121,892
131121,924
131121,956
131121,988
131121,1020
131121,1052
131121,1084
131121,1116
131121,1148
131121,1180
131121,1212
131121,1244
131121,1276
131121,1308
131121,1340
131121,1372
131121,1404
131121,1436
131121,1468
131121,1500
131121,1532
131121,1564
131121,1596
131121,1628
131121,1660
131121,1692
131121,1724
131121,1756
131121,1788
131121,1820
131121,1852
131121,1884
131121,1916
131121,1948
131121,1980
131121,2012
131121,2044
131121,2076
131121,2108
131121,2140
131121,2172
131121,2204
131121,2236
131121,2268
131121,2300
131121,2332
131121,2364
131121,2396
131121,2428
131121,2460
131121,2492
131121,2524
131121,2556
131121,2588
131121,2620
131121,2652
131121,2684
131121,2716
131121,2748
131121,2780
131121,2812
131121,2844
131121,2876
131121,2908
131121,2940
131121,2972
131121,3004
131121,3036
131121,3068
131121,3100
131121,3132
131121,3164
131121,3196
131121,3228
131121,3260
131121,3292
131121,3324
131121,3356
131121,3388
131121,3420
131121,3452
131121,3484
131121,3516
131121,3548
131121,3580
131121,3612
131121,3644
131121,3676
131121,3708
131121,3740
131121,3772
131121,3804
131121,3836
131121,3868
131121,3900
131121,3932
131121,3964
131121,3996
131121,4028
131121,4060
131121,4092
131121,4124
131121,4156
131121,4188
131121,4220
131121,4252
131121,4284
131121,4316
131121,4348
131121,4380
131121,4412
131121,4444
131121,4476
131121,4508
131121,4540
131121,4572
131121,4604
131121,4636
131121,4668
131121,4700
131121,4732
131121,4764
131121,4796
131121,4828
131121,4860
131121,4892
131121,4924
131121,4956
131121,4988
131121,5020
131121,5052
131121,5084
131121,5116
131121,5148
131121,5180
131121,5212
131121,5244
131121,5276
131121,5308
131121,5340
131121,5372
131121,5404
131121,5436
131121,5468
131121,5500
131121,5532
131121,5564
131121,5596
131121,5628
131121,5660
131121,5692
131121,5724
131121,5756
131121,5788
131121,5820
131121,5852
131121,5884
131121,5916
131121,5948
131121,5980
131121,6012
131121,6044
131121,6076
131121,6108
131121,6140
131121,6172
131121,6204
