131179,1
131179,4
131179,12
131179,28
131179,60
131179,92
131179,124
131179,156
131179,188
131179,220
131179,252
131179,284
131179,316
131179,348
131179,380
131179,412
131179,444
131179,476
131179,508
131179,540
131179,572
131179,604
131179,636
131179,668
131179,700
131179,732
131179,764
131179,796
131179,828
131179,860
131179,892
131179,924
131179,956
131179,988
131179,1020
131179,1052
131179,1084
131179,1116
131179,1148
131179,1180
131179,1212
131179,1244
131179,1276
131179,1308
131179,1340
131179,1372
131179,1404
131179,1436
131179,1468
131179,1500
131179,1532
131179,1564
131179,1596
131179,1628
131179,1660
131179,1692
131179,1724
131179,1756
131179,1788
131179,1820
131179,1852
131179,1884
131179,1916
131179,1948
131179,1980
131179,2012
131179,2044
131179,2076
131179,2108
131179,2140
131179,2172
131179,2204
131179,2236
131179,2268
131179,2300
131179,2332
131179,2364
131179,2396
131179,2428
131179,2460
131179,2492
131179,2524
131179,2556
131179,2588
131179,2620
131179,2652
131179,2684
131179,2716
131179,2748
131179,2780
131179,2812
131179,2844
131179,2876
131179,2908
131179,2940
131179,2972
131179,3004
131179,3036
131179,3068
131179,3100
131179,3132
131179,3164
131179,3196
131179,3228
131179,3260
131179,3292
131179,3324
131179,3356
131179,3388
131179,3420
131179,3452
131179,3484
131179,3516
131179,3548
131179,3580
131179,3612
131179,3644
131179,3676
131179,3708
131179,3740
131179,3772
131179,3804
131179,3836
131179,3868
131179,3900
131179,3932
131179,3964
131179,3996
131179,4028
131179,4060
131179,4092
131179,4124
131179,4156
131179,4188
131179,4220
131179,4252
131179,4284
131179,4316
131179,4348
131179,4380
131179,4412
131179,4444
131179,4476
131179,4508
131179,4540
131179,4572
131179,4604
131179,4636
131179,4668
131179,4700
131179,4732
131179,4764
131179,4796
131179,4828
131179,4860
131179,4892
131179,4924
131179,4956
131179,4988
131179,5020
131179,5052
131179,5084
131179,5116
131179,5148
131179,5180
131179,5212
131179,5244
131179,5276
131179,5308
131179,5340
131179,5372
131179,5404
131179,5436
131179,5468
131179,5500
131179,5532
131179,5564
131179,5596
131179,5628
131179,5660
131179,5692
131179,5724
131179,5756
131179,5788
131179,5820
131179,5852
131179,5884
131179,5916
131179,5948
131179,5980
131179,6012
131179,6044
131179,6076
131179,6108
131179,6140
131179,6172
131179,6204
