131150,1
131150,4
131150,12
131150,28
131150,60
131150,92
131150,124
131150,156
131150,188
131150,220
131150,252
131150,284
131150,316
131150,348
131150,380
131150,412
131150,444
131150,476
131150,508
131150,540
131150,572
131150,604
131150,636
131150,668
131150,700
131150,732
131150,764
131150,796
131150,828
131150,860
131150,892
131150,924
131150,956
131150,988
131150,1020
131150,1052
131150,1084
131150,1116
131150,1148
131150,1180
131150,1212
131150,1244
131150,1276
131150,1308
131150,1340
131150,1372
131150,1404
131150,1436
131150,1468
131150,1500
131150,1532
131150,1564
131150,1596
131150,1628
131150,1660
131150,1692
131150,1724
131150,1756
131150,1788
131150,1820
131150,1852
131150,1884
131150,1916
131150,1948
131150,1980
131150,2012
131150,2044
131150,2076
131150,2108
131150,2140
131150,2172
131150,2204
131150,2236
131150,2268
131150,2300
131150,2332
131150,2364
131150,2396
131150,2428
131150,2460
131150,2492
131150,2524
131150,2556
131150,2588
131150,2620
131150,2652
131150,2684
131150,2716
131150,2748
131150,2780
131150,2812
131150,2844
131150,2876
131150,2908
131150,2940
131150,2972
131150,3004
131150,3036
131150,3068
131150,3100
131150,3132
131150,3164
131150,3196
131150,3228
131150,3260
131150,3292
131150,3324
131150,3356
131150,3388
131150,3420
131150,3452
131150,3484
131150,3516
131150,3548
131150,3580
131150,3612
131150,3644
131150,3676
131150,3708
131150,3740
131150,3772
131150,3804
131150,3836
131150,3868
131150,3900
131150,3932
131150,3964
131150,3996
131150,4028
131150,4060
131150,4092
131150,4124
131150,4156
131150,4188
131150,4220
131150,4252
131150,4284
131150,4316
131150,4348
131150,4380
131150,4412
131150,4444
131150,4476
131150,4508
131150,4540
131150,4572
131150,4604
131150,4636
131150,4668
131150,4700
131150,4732
131150,4764
131150,4796
131150,4828
131150,4860
131150,4892
131150,4924
131150,4956
131150,4988
131150,5020
131150,5052
131150,5084
131150,5116
131150,5148
131150,5180
131150,5212
131150,5244
131150,5276
131150,5308
131150,5340
131150,5372
131150,5404
131150,5436
131150,5468
131150,5500
131150,5532
131150,5564
131150,5596
131150,5628
131150,5660
131150,5692
131150,5724
131150,5756
131150,5788
131150,5820
131150,5852
131150,5884
131150,5916
131150,5948
131150,5980
131150,6012
131150,6044
131150,6076
131150,6108
131150,6140
131150,6172
131150,6204
