131122,1
131122,4
131122,12
131122,28
131122,60
131122,92
131122,124
131122,156
131122,188
131122,220
131122,252
131122,284
131122,316
131122,348
131122,380
131122,412
131122,444
131122,476
131122,508
131122,540
131122,572
131122,604
131122,636
131122,668
131122,700
131122,732
131122,764
131122,796
131122,828
131122,860
131122,892
131122,924
131122,956
131122,988
131122,1020
131122,1052
131122,1084
131122,1116
131122,1148
131122,1180
131122,1212
131122,1244
131122,1276
131122,1308
131122,1340
131122,1372
131122,1404
131122,1436
131122,1468
131122,1500
131122,1532
131122,1564
131122,1596
131122,1628
131122,1660
131122,1692
131122,1724
131122,1756
131122,1788
131122,1820
131122,1852
131122,1884
131122,1916
131122,1948
131122,1980
131122,2012
131122,2044
131122,2076
131122,2108
131122,2140
131122,2172
131122,2204
131122,2236
131122,2268
131122,2300
131122,2332
131122,2364
131122,2396
131122,2428
131122,2460
131122,2492
131122,2524
131122,2556
131122,2588
131122,2620
131122,2652
131122,2684
131122,2716
131122,2748
131122,2780
131122,2812
131122,2844
131122,2876
131122,2908
131122,2940
131122,2972
131122,3004
131122,3036
131122,3068
131122,3100
131122,3132
131122,3164
131122,3196
131122,3228
131122,3260
131122,3292
131122,3324
131122,3356
131122,3388
131122,3420
131122,3452
131122,3484
131122,3516
131122,3548
131122,3580
131122,3612
131122,3644
131122,3676
131122,3708
131122,3740
131122,3772
131122,3804
131122,3836
131122,3868
131122,3900
131122,3932
131122,3964
131122,3996
131122,4028
131122,4060
131122,4092
131122,4124
131122,4156
131122,4188
131122,4220
131122,4252
131122,4284
131122,4316
131122,4348
131122,4380
131122,4412
131122,4444
131122,4476
131122,4508
131122,4540
131122,4572
131122,4604
131122,4636
131122,4668
131122,4700
131122,4732
131122,4764
131122,4796
131122,4828
131122,4860
131122,4892
131122,4924
131122,4956
131122,4988
131122,5020
131122,5052
131122,5084
131122,5116
131122,5148
131122,5180
131122,5212
131122,5244
131122,5276
131122,5308
131122,5340
131122,5372
131122,5404
131122,5436
131122,5468
131122,5500
131122,5532
131122,5564
131122,5596
131122,5628
131122,5660
131122,5692
131122,5724
131122,5756
131122,5788
131122,5820
131122,5852
131122,5884
131122,5916
131122,5948
131122,5980
131122,6012
131122,6044
131122,6076
131122,6108
131122,6140
131122,6172
131122,6204
131122,6236
131122,6268
131122,6300
