131184,1
131184,4
131184,12
131184,28
131184,60
131184,92
131184,124
131184,156
131184,188
131184,220
131184,252
131184,284
131184,316
131184,348
131184,380
131184,412
131184,444
131184,476
131184,508
131184,540
131184,572
131184,604
131184,636
131184,668
131184,700
131184,732
131184,764
131184,796
131184,828
131184,860
131184,892
131184,924
131184,956
131184,988
131184,1020
131184,1052
131184,1084
131184,1116
131184,1148
131184,1180
131184,1212
131184,1244
131184,1276
131184,1308
131184,1340
131184,1372
131184,1404
131184,1436
131184,1468
131184,1500
131184,1532
131184,1564
131184,1596
131184,1628
131184,1660
131184,1692
131184,1724
131184,1756
131184,1788
131184,1820
131184,1852
131184,1884
131184,1916
131184,1948
131184,1980
131184,2012
131184,2044
131184,2076
131184,2108
131184,2140
131184,2172
131184,2204
131184,2236
131184,2268
131184,2300
131184,2332
131184,2364
131184,2396
131184,2428
131184,2460
131184,2492
131184,2524
131184,2556
131184,2588
131184,2620
131184,2652
131184,2684
131184,2716
131184,2748
131184,2780
131184,2812
131184,2844
131184,2876
131184,2908
131184,2940
131184,2972
131184,3004
131184,3036
131184,3068
131184,3100
131184,3132
131184,3164
131184,3196
131184,3228
131184,3260
131184,3292
131184,3324
131184,3356
131184,3388
131184,3420
131184,3452
131184,3484
131184,3516
131184,3548
131184,3580
131184,3612
131184,3644
131184,3676
131184,3708
131184,3740
131184,3772
131184,3804
131184,3836
131184,3868
131184,3900
131184,3932
131184,3964
131184,3996
131184,4028
131184,4060
131184,4092
131184,4124
131184,4156
131184,4188
131184,4220
131184,4252
131184,4284
131184,4316
131184,4348
131184,4380
131184,4412
131184,4444
131184,4476
131184,4508
131184,4540
131184,4572
131184,4604
131184,4636
131184,4668
131184,4700
131184,4732
131184,4764
131184,4796
131184,4828
131184,4860
131184,4892
131184,4924
131184,4956
131184,4988
131184,5020
131184,5052
131184,5084
131184,5116
131184,5148
131184,5180
131184,5212
131184,5244
131184,5276
131184,5308
131184,5340
131184,5372
131184,5404
131184,5436
131184,5468
131184,5500
131184,5532
131184,5564
131184,5596
131184,5628
131184,5660
131184,5692
131184,5724
131184,5756
131184,5788
131184,5820
131184,5852
131184,5884
131184,5916
131184,5948
131184,5980
131184,6012
131184,6044
131184,6076
131184,6108
131184,6140
