131142,1
131142,4
131142,12
131142,28
131142,60
131142,92
131142,124
131142,156
131142,188
131142,220
131142,252
131142,284
131142,316
131142,348
131142,380
131142,412
131142,444
131142,476
131142,508
131142,540
131142,572
131142,604
131142,636
131142,668
131142,700
131142,732
131142,764
131142,796
131142,828
131142,860
131142,892
131142,924
131142,956
131142,988
131142,1020
131142,1052
131142,1084
131142,1116
131142,1148
131142,1180
131142,1212
131142,1244
131142,1276
131142,1308
131142,1340
131142,1372
131142,1404
131142,1436
131142,1468
131142,1500
131142,1532
131142,1564
131142,1596
131142,1628
131142,1660
131142,1692
131142,1724
131142,1756
131142,1788
131142,1820
131142,1852
131142,1884
131142,1916
131142,1948
131142,1980
131142,2012
131142,2044
131142,2076
131142,2108
131142,2140
131142,2172
131142,2204
131142,2236
131142,2268
131142,2300
131142,2332
131142,2364
131142,2396
131142,2428
131142,2460
131142,2492
131142,2524
131142,2556
131142,2588
131142,2620
131142,2652
131142,2684
131142,2716
131142,2748
131142,2780
131142,2812
131142,2844
131142,2876
131142,2908
131142,2940
131142,2972
131142,3004
131142,3036
131142,3068
131142,3100
131142,3132
131142,3164
131142,3196
131142,3228
131142,3260
131142,3292
