131195,1
131195,4
131195,12
131195,28
131195,60
131195,92
131195,124
131195,156
131195,188
131195,220
131195,252
131195,284
131195,316
131195,348
131195,380
131195,412
131195,444
131195,476
131195,508
131195,540
131195,572
131195,604
131195,636
131195,668
131195,700
131195,732
131195,764
131195,796
131195,828
131195,860
131195,892
131195,924
131195,956
131195,988
131195,1020
131195,1052
131195,1084
131195,1116
131195,1148
131195,1180
131195,1212
131195,1244
131195,1276
131195,1308
131195,1340
131195,1372
131195,1404
131195,1436
131195,1468
131195,1500
131195,1532
131195,1564
131195,1596
131195,1628
131195,1660
131195,1692
131195,1724
131195,1756
131195,1788
131195,1820
131195,1852
131195,1884
131195,1916
131195,1948
131195,1980
131195,2012
131195,2044
131195,2076
131195,2108
131195,2140
131195,2172
131195,2204
131195,2236
131195,2268
131195,2300
131195,2332
131195,2364
131195,2396
131195,2428
131195,2460
131195,2492
131195,2524
131195,2556
131195,2588
131195,2620
131195,2652
131195,2684
131195,2716
131195,2748
131195,2780
131195,2812
131195,2844
131195,2876
131195,2908
131195,2940
131195,2972
131195,3004
131195,3036
131195,3068
131195,3100
131195,3132
131195,3164
131195,3196
131195,3228
131195,3260
131195,3292
131195,3324
131195,3356
131195,3388
131195,3420
131195,3452
131195,3484
131195,3516
131195,3548
131195,3580
131195,3612
131195,3644
131195,3676
131195,3708
131195,3740
131195,3772
131195,3804
131195,3836
131195,3868
131195,3900
131195,3932
131195,3964
131195,3996
131195,4028
131195,4060
131195,4092
131195,4124
131195,4156
131195,4188
131195,4220
131195,4252
131195,4284
131195,4316
131195,4348
131195,4380
131195,4412
131195,4444
131195,4476
131195,4508
131195,4540
131195,4572
131195,4604
131195,4636
131195,4668
131195,4700
131195,4732
131195,4764
131195,4796
131195,4828
131195,4860
131195,4892
131195,4924
131195,4956
131195,4988
131195,5020
131195,5052
131195,5084
131195,5116
131195,5148
131195,5180
131195,5212
131195,5244
131195,5276
131195,5308
131195,5340
131195,5372
131195,5404
131195,5436
131195,5468
131195,5500
131195,5532
131195,5564
131195,5596
131195,5628
131195,5660
131195,5692
131195,5724
131195,5756
131195,5788
131195,5820
131195,5852
131195,5884
131195,5916
131195,5948
131195,5980
131195,6012
131195,6044
131195,6076
131195,6108
131195,6140
131195,6172
131195,6204
131195,6236
131195,6268
131195,6300
131195,6332
131195,6364
131195,6396
131195,6428
131195,6460
131195,6492
131195,6524
131195,6556
131195,6588
131195,6620
131195,6652
131195,6684
131195,6716
131195,6748
131195,6780
131195,6812
131195,6844
131195,6876
131195,6908
131195,6940
131195,6972
131195,7004
131195,7036
131195,7068
131195,7100
131195,7132
131195,7164
131195,7196
131195,7228
131195,7260
131195,7292
131195,7324
131195,7356
131195,7388
131195,7420
131195,7452
131195,7484
131195,7516
131195,7548
131195,7580
131195,7612
131195,7644
131195,7676
131195,7708
131195,7740
131195,7772
131195,7804
131195,7836
131195,7868
131195,7900
131195,7932
131195,7964
131195,7996
131195,8028
131195,8060
131195,8092
131195,8124
131195,8156
131195,8188
131195,8220
131195,8252
131195,8284
131195,8316
131195,8348
131195,8380
131195,8412
131195,8444
131195,8476
131195,8508
131195,8540
131195,8572
131195,8604
131195,8636
131195,8668
131195,8700
131195,8732
131195,8764
131195,8796
131195,8828
131195,8860
131195,8892
131195,8924
131195,8956
131195,8988
131195,9020
131195,9052
131195,9084
131195,9116
131195,9148
131195,9180
131195,9212
131195,9244
131195,9276
131195,9308
131195,9340
131195,9372
131195,9404
131195,9436
131195,9468
131195,9500
131195,9532
131195,9564
131195,9596
131195,9628
131195,9660
131195,9692
131195,9724
131195,9756
131195,9788
131195,9820
131195,9852
131195,9884
131195,9916
131195,9948
131195,9980
131195,10012
131195,10044
131195,10076
131195,10108
131195,10140
131195,10172
131195,10204
131195,10236
131195,10268
131195,10300
131195,10332
131195,10364
131195,10396
131195,10428
131195,10460
131195,10492
131195,10524
131195,10556
131195,10588
131195,10620
131195,10652
131195,10684
131195,10716
131195,10748
131195,10780
131195,10812
131195,10844
131195,10876
131195,10908
131195,10940
131195,10972
131195,11004
131195,11036
131195,11068
131195,11100
131195,11132
131195,11164
131195,11196
131195,11228
131195,11260
131195,11292
131195,11324
131195,11356
131195,11388
131195,11420
131195,11452
131195,11484
131195,11516
131195,11548
131195,11580
131195,11612
131195,11644
131195,11676
131195,11708
131195,11740
131195,11772
131195,11804
131195,11836
131195,11868
131195,11900
131195,11932
131195,11964
131195,11996
131195,12028
131195,12060
131195,12092
131195,12124
131195,12156
131195,12188
131195,12220
131195,12252
131195,12284
131195,12316
131195,12348
131195,12380
131195,12412
131195,12444
131195,12476
131195,12508
131195,12540
131195,12572
131195,12604
131195,12636
131195,12668
131195,12700
131195,12732
131195,12764
131195,12796
131195,12828
131195,12860
131195,12892
131195,12924
131195,12956
131195,12988
131195,13020
131195,13052
131195,13084
131195,13116
131195,13148
131195,13180
131195,13212
131195,13244
131195,13276
131195,13308
131195,13340
131195,13372
131195,13404
131195,13436
131195,13468
131195,13500
131195,13532
131195,13564
131195,13596
131195,13628
131195,13660
131195,13692
131195,13724
131195,13756
131195,13788
131195,13820
131195,13852
131195,13884
131195,13916
131195,13948
131195,13980
131195,14012
131195,14044
131195,14076
131195,14108
131195,14140
131195,14172
131195,14204
131195,14236
131195,14268
131195,14300
131195,14332
131195,14364
131195,14396
131195,14428
131195,14460
131195,14492
131195,14524
131195,14556
131195,14588
131195,14620
131195,14652
131195,14684
131195,14716
131195,14748
131195,14780
131195,14812
131195,14844
131195,14876
131195,14908
131195,14940
131195,14972
131195,15004
131195,15036
131195,15068
131195,15100
131195,15132
131195,15164
131195,15196
131195,15228
131195,15260
131195,15292
131195,15324
131195,15356
131195,15388
131195,15420
131195,15452
131195,15484
131195,15516
131195,15548
131195,15580
131195,15612
131195,15644
131195,15676
131195,15708
131195,15740
131195,15772
131195,15804
131195,15836
131195,15868
131195,15900
131195,15932
131195,15964
131195,15996
131195,16028
131195,16060
131195,16092
131195,16124
131195,16156
131195,16188
131195,16220
131195,16252
131195,16284
131195,16316
131195,16348
131195,16380
