131151,1
131151,4
131151,12
131151,28
131151,60
131151,92
131151,124
131151,156
131151,188
131151,220
131151,252
131151,284
131151,316
131151,348
131151,380
131151,412
131151,444
131151,476
131151,508
131151,540
131151,572
131151,604
131151,636
131151,668
131151,700
131151,732
131151,764
131151,796
131151,828
131151,860
131151,892
131151,924
131151,956
131151,988
131151,1020
131151,1052
131151,1084
131151,1116
131151,1148
131151,1180
131151,1212
131151,1244
131151,1276
131151,1308
131151,1340
131151,1372
131151,1404
131151,1436
131151,1468
131151,1500
131151,1532
131151,1564
131151,1596
131151,1628
131151,1660
131151,1692
131151,1724
131151,1756
131151,1788
131151,1820
131151,1852
131151,1884
131151,1916
131151,1948
131151,1980
131151,2012
131151,2044
131151,2076
131151,2108
131151,2140
131151,2172
131151,2204
131151,2236
131151,2268
131151,2300
131151,2332
131151,2364
131151,2396
131151,2428
131151,2460
131151,2492
131151,2524
131151,2556
131151,2588
131151,2620
131151,2652
131151,2684
131151,2716
131151,2748
131151,2780
131151,2812
131151,2844
131151,2876
131151,2908
131151,2940
131151,2972
131151,3004
131151,3036
131151,3068
131151,3100
131151,3132
131151,3164
131151,3196
131151,3228
131151,3260
131151,3292
131151,3324
131151,3356
131151,3388
131151,3420
131151,3452
131151,3484
131151,3516
131151,3548
131151,3580
131151,3612
131151,3644
131151,3676
131151,3708
131151,3740
131151,3772
131151,3804
131151,3836
131151,3868
131151,3900
131151,3932
131151,3964
131151,3996
131151,4028
131151,4060
131151,4092
131151,4124
131151,4156
131151,4188
131151,4220
131151,4252
131151,4284
131151,4316
131151,4348
131151,4380
131151,4412
131151,4444
131151,4476
131151,4508
131151,4540
131151,4572
131151,4604
131151,4636
131151,4668
131151,4700
131151,4732
131151,4764
131151,4796
131151,4828
131151,4860
131151,4892
131151,4924
131151,4956
131151,4988
131151,5020
131151,5052
131151,5084
131151,5116
131151,5148
131151,5180
131151,5212
131151,5244
131151,5276
131151,5308
131151,5340
131151,5372
131151,5404
131151,5436
131151,5468
131151,5500
131151,5532
131151,5564
131151,5596
131151,5628
131151,5660
131151,5692
131151,5724
131151,5756
131151,5788
131151,5820
131151,5852
131151,5884
131151,5916
131151,5948
131151,5980
131151,6012
131151,6044
131151,6076
131151,6108
131151,6140
131151,6172
131151,6204
131151,6236
131151,6268
131151,6300
131151,6332
131151,6364
131151,6396
131151,6428
131151,6460
131151,6492
131151,6524
131151,6556
131151,6588
131151,6620
131151,6652
131151,6684
131151,6716
131151,6748
131151,6780
131151,6812
131151,6844
131151,6876
131151,6908
131151,6940
131151,6972
131151,7004
131151,7036
131151,7068
131151,7100
131151,7132
131151,7164
131151,7196
131151,7228
131151,7260
131151,7292
131151,7324
131151,7356
131151,7388
131151,7420
131151,7452
131151,7484
131151,7516
131151,7548
131151,7580
131151,7612
131151,7644
131151,7676
131151,7708
131151,7740
131151,7772
131151,7804
131151,7836
131151,7868
131151,7900
131151,7932
131151,7964
131151,7996
131151,8028
131151,8060
131151,8092
131151,8124
131151,8156
131151,8188
131151,8220
131151,8252
131151,8284
131151,8316
131151,8348
131151,8380
131151,8412
131151,8444
131151,8476
131151,8508
131151,8540
131151,8572
131151,8604
131151,8636
131151,8668
131151,8700
131151,8732
131151,8764
131151,8796
131151,8828
131151,8860
131151,8892
131151,8924
131151,8956
131151,8988
131151,9020
131151,9052
131151,9084
131151,9116
131151,9148
131151,9180
131151,9212
131151,9244
131151,9276
131151,9308
131151,9340
131151,9372
131151,9404
131151,9436
131151,9468
131151,9500
131151,9532
131151,9564
131151,9596
131151,9628
131151,9660
131151,9692
131151,9724
131151,9756
131151,9788
131151,9820
131151,9852
131151,9884
131151,9916
131151,9948
131151,9980
131151,10012
131151,10044
131151,10076
131151,10108
131151,10140
131151,10172
131151,10204
131151,10236
131151,10268
131151,10300
131151,10332
131151,10364
131151,10396
131151,10428
131151,10460
131151,10492
131151,10524
131151,10556
131151,10588
131151,10620
131151,10652
131151,10684
131151,10716
131151,10748
131151,10780
131151,10812
131151,10844
131151,10876
131151,10908
131151,10940
131151,10972
131151,11004
131151,11036
131151,11068
131151,11100
131151,11132
131151,11164
131151,11196
131151,11228
131151,11260
131151,11292
131151,11324
131151,11356
131151,11388
131151,11420
131151,11452
131151,11484
131151,11516
131151,11548
131151,11580
131151,11612
131151,11644
131151,11676
131151,11708
131151,11740
131151,11772
131151,11804
131151,11836
131151,11868
131151,11900
131151,11932
131151,11964
131151,11996
131151,12028
131151,12060
131151,12092
131151,12124
131151,12156
131151,12188
131151,12220
131151,12252
131151,12284
131151,12316
131151,12348
131151,12380
131151,12412
131151,12444
131151,12476
131151,12508
131151,12540
131151,12572
131151,12604
131151,12636
131151,12668
131151,12700
131151,12732
131151,12764
131151,12796
131151,12828
131151,12860
131151,12892
131151,12924
131151,12956
131151,12988
131151,13020
131151,13052
131151,13084
131151,13116
131151,13148
131151,13180
131151,13212
131151,13244
131151,13276
131151,13308
131151,13340
131151,13372
131151,13404
131151,13436
131151,13468
131151,13500
131151,13532
131151,13564
131151,13596
131151,13628
131151,13660
131151,13692
131151,13724
131151,13756
131151,13788
131151,13820
131151,13852
131151,13884
131151,13916
131151,13948
131151,13980
131151,14012
131151,14044
131151,14076
131151,14108
131151,14140
131151,14172
131151,14204
131151,14236
131151,14268
131151,14300
131151,14332
131151,14364
131151,14396
131151,14428
131151,14460
131151,14492
131151,14524
131151,14556
131151,14588
131151,14620
131151,14652
131151,14684
131151,14716
131151,14748
131151,14780
131151,14812
131151,14844
131151,14876
131151,14908
131151,14940
131151,14972
131151,15004
131151,15036
131151,15068
131151,15100
131151,15132
131151,15164
131151,15196
131151,15228
131151,15260
131151,15292
131151,15324
131151,15356
131151,15388
131151,15420
131151,15452
131151,15484
131151,15516
131151,15548
131151,15580
131151,15612
131151,15644
131151,15676
131151,15708
131151,15740
131151,15772
131151,15804
131151,15836
131151,15868
131151,15900
131151,15932
131151,15964
131151,15996
131151,16028
131151,16060
131151,16092
131151,16124
131151,16156
131151,16188
131151,16220
131151,16252
131151,16284
131151,16316
131151,16348
131151,16380
