131265,1
131265,4
131265,12
131265,28
131265,60
131265,92
131265,124
131265,156
131265,188
131265,220
131265,252
131265,284
131265,316
131265,348
131265,380
131265,412
131265,444
131265,476
131265,508
131265,540
131265,572
131265,604
131265,636
131265,668
131265,700
131265,732
131265,764
131265,796
131265,828
131265,860
131265,892
131265,924
131265,956
131265,988
131265,1020
131265,1052
131265,1084
131265,1116
131265,1148
131265,1180
131265,1212
131265,1244
131265,1276
131265,1308
131265,1340
131265,1372
131265,1404
131265,1436
131265,1468
131265,1500
131265,1532
131265,1564
131265,1596
131265,1628
131265,1660
131265,1692
131265,1724
131265,1756
131265,1788
131265,1820
131265,1852
131265,1884
131265,1916
131265,1948
131265,1980
131265,2012
131265,2044
131265,2076
131265,2108
131265,2140
131265,2172
131265,2204
131265,2236
131265,2268
131265,2300
131265,2332
131265,2364
131265,2396
131265,2428
131265,2460
131265,2492
131265,2524
131265,2556
131265,2588
131265,2620
131265,2652
131265,2684
131265,2716
131265,2748
131265,2780
131265,2812
131265,2844
131265,2876
131265,2908
131265,2940
131265,2972
131265,3004
131265,3036
131265,3068
131265,3100
131265,3132
131265,3164
131265,3196
131265,3228
131265,3260
131265,3292
131265,3324
131265,3356
131265,3388
131265,3420
131265,3452
131265,3484
131265,3516
131265,3548
131265,3580
131265,3612
131265,3644
131265,3676
131265,3708
131265,3740
131265,3772
131265,3804
131265,3836
131265,3868
131265,3900
131265,3932
131265,3964
131265,3996
131265,4028
131265,4060
131265,4092
131265,4124
131265,4156
131265,4188
131265,4220
131265,4252
131265,4284
131265,4316
131265,4348
131265,4380
131265,4412
131265,4444
131265,4476
131265,4508
131265,4540
131265,4572
131265,4604
131265,4636
131265,4668
131265,4700
131265,4732
131265,4764
131265,4796
131265,4828
131265,4860
131265,4892
131265,4924
131265,4956
131265,4988
131265,5020
131265,5052
131265,5084
131265,5116
131265,5148
131265,5180
131265,5212
131265,5244
131265,5276
131265,5308
131265,5340
131265,5372
131265,5404
131265,5436
131265,5468
131265,5500
131265,5532
131265,5564
131265,5596
131265,5628
131265,5660
131265,5692
131265,5724
131265,5756
131265,5788
131265,5820
131265,5852
131265,5884
131265,5916
131265,5948
131265,5980
131265,6012
131265,6044
131265,6076
131265,6108
131265,6140
131265,6172
