131222,1
131222,4
131222,12
131222,28
131222,60
131222,92
131222,124
131222,156
131222,188
131222,220
131222,252
131222,284
131222,316
131222,348
131222,380
131222,412
131222,444
131222,476
131222,508
131222,540
131222,572
131222,604
131222,636
131222,668
131222,700
131222,732
131222,764
131222,796
131222,828
131222,860
131222,892
131222,924
131222,956
131222,988
131222,1020
131222,1052
131222,1084
131222,1116
131222,1148
131222,1180
131222,1212
131222,1244
131222,1276
131222,1308
131222,1340
131222,1372
131222,1404
131222,1436
131222,1468
131222,1500
131222,1532
131222,1564
131222,1596
131222,1628
131222,1660
131222,1692
131222,1724
131222,1756
131222,1788
131222,1820
131222,1852
131222,1884
131222,1916
131222,1948
131222,1980
131222,2012
131222,2044
131222,2076
131222,2108
131222,2140
131222,2172
131222,2204
131222,2236
131222,2268
131222,2300
131222,2332
131222,2364
131222,2396
131222,2428
131222,2460
131222,2492
131222,2524
131222,2556
131222,2588
131222,2620
131222,2652
131222,2684
131222,2716
131222,2748
131222,2780
131222,2812
131222,2844
131222,2876
131222,2908
131222,2940
131222,2972
131222,3004
131222,3036
131222,3068
131222,3100
131222,3132
131222,3164
131222,3196
131222,3228
131222,3260
131222,3292
131222,3324
131222,3356
131222,3388
131222,3420
131222,3452
131222,3484
131222,3516
131222,3548
131222,3580
131222,3612
131222,3644
131222,3676
131222,3708
131222,3740
131222,3772
131222,3804
131222,3836
131222,3868
131222,3900
131222,3932
131222,3964
131222,3996
131222,4028
131222,4060
131222,4092
131222,4124
131222,4156
131222,4188
131222,4220
131222,4252
131222,4284
131222,4316
131222,4348
131222,4380
131222,4412
131222,4444
131222,4476
131222,4508
131222,4540
131222,4572
131222,4604
131222,4636
131222,4668
131222,4700
131222,4732
131222,4764
131222,4796
131222,4828
131222,4860
131222,4892
131222,4924
131222,4956
131222,4988
131222,5020
131222,5052
131222,5084
131222,5116
131222,5148
131222,5180
131222,5212
131222,5244
131222,5276
131222,5308
131222,5340
131222,5372
131222,5404
131222,5436
131222,5468
131222,5500
131222,5532
131222,5564
131222,5596
131222,5628
131222,5660
131222,5692
131222,5724
131222,5756
131222,5788
131222,5820
131222,5852
131222,5884
131222,5916
131222,5948
131222,5980
131222,6012
131222,6044
131222,6076
131222,6108
131222,6140
131222,6172
