131232,1
131232,4
131232,12
131232,28
131232,60
131232,92
131232,124
131232,156
131232,188
131232,220
131232,252
131232,284
131232,316
131232,348
131232,380
131232,412
131232,444
131232,476
131232,508
131232,540
131232,572
131232,604
131232,636
131232,668
131232,700
131232,732
131232,764
131232,796
131232,828
131232,860
131232,892
131232,924
131232,956
131232,988
131232,1020
131232,1052
131232,1084
131232,1116
131232,1148
131232,1180
131232,1212
131232,1244
131232,1276
131232,1308
131232,1340
131232,1372
131232,1404
131232,1436
131232,1468
131232,1500
131232,1532
131232,1564
131232,1596
131232,1628
131232,1660
131232,1692
131232,1724
131232,1756
131232,1788
131232,1820
131232,1852
131232,1884
131232,1916
131232,1948
131232,1980
131232,2012
131232,2044
131232,2076
131232,2108
131232,2140
131232,2172
131232,2204
131232,2236
131232,2268
131232,2300
131232,2332
131232,2364
131232,2396
131232,2428
131232,2460
131232,2492
131232,2524
131232,2556
131232,2588
131232,2620
131232,2652
131232,2684
131232,2716
131232,2748
131232,2780
131232,2812
131232,2844
131232,2876
131232,2908
131232,2940
131232,2972
131232,3004
131232,3036
131232,3068
131232,3100
131232,3132
131232,3164
131232,3196
131232,3228
131232,3260
131232,3292
131232,3324
131232,3356
131232,3388
131232,3420
131232,3452
131232,3484
131232,3516
131232,3548
131232,3580
131232,3612
131232,3644
131232,3676
131232,3708
131232,3740
131232,3772
131232,3804
131232,3836
131232,3868
131232,3900
131232,3932
131232,3964
131232,3996
131232,4028
131232,4060
131232,4092
131232,4124
131232,4156
131232,4188
131232,4220
131232,4252
131232,4284
131232,4316
131232,4348
131232,4380
131232,4412
131232,4444
131232,4476
131232,4508
131232,4540
131232,4572
131232,4604
131232,4636
131232,4668
131232,4700
131232,4732
131232,4764
131232,4796
131232,4828
131232,4860
131232,4892
131232,4924
131232,4956
131232,4988
131232,5020
131232,5052
131232,5084
131232,5116
131232,5148
131232,5180
131232,5212
131232,5244
131232,5276
131232,5308
131232,5340
131232,5372
131232,5404
131232,5436
131232,5468
131232,5500
131232,5532
131232,5564
131232,5596
131232,5628
131232,5660
131232,5692
131232,5724
131232,5756
131232,5788
131232,5820
131232,5852
131232,5884
131232,5916
131232,5948
131232,5980
131232,6012
131232,6044
131232,6076
131232,6108
131232,6140
131232,6172
