131219,1
131219,4
131219,12
131219,28
131219,60
131219,92
131219,124
131219,156
131219,188
131219,220
131219,252
131219,284
131219,316
131219,348
131219,380
131219,412
131219,444
131219,476
131219,508
131219,540
131219,572
131219,604
131219,636
131219,668
131219,700
131219,732
131219,764
131219,796
131219,828
131219,860
131219,892
131219,924
131219,956
131219,988
131219,1020
131219,1052
131219,1084
131219,1116
131219,1148
131219,1180
131219,1212
131219,1244
131219,1276
131219,1308
131219,1340
131219,1372
131219,1404
131219,1436
131219,1468
131219,1500
131219,1532
131219,1564
131219,1596
131219,1628
131219,1660
131219,1692
131219,1724
131219,1756
131219,1788
131219,1820
131219,1852
131219,1884
131219,1916
131219,1948
131219,1980
131219,2012
131219,2044
131219,2076
131219,2108
131219,2140
131219,2172
131219,2204
131219,2236
131219,2268
131219,2300
131219,2332
131219,2364
131219,2396
131219,2428
131219,2460
131219,2492
131219,2524
131219,2556
131219,2588
131219,2620
131219,2652
131219,2684
131219,2716
131219,2748
131219,2780
131219,2812
131219,2844
131219,2876
131219,2908
131219,2940
131219,2972
131219,3004
131219,3036
131219,3068
131219,3100
131219,3132
131219,3164
131219,3196
131219,3228
131219,3260
131219,3292
131219,3324
131219,3356
131219,3388
131219,3420
131219,3452
131219,3484
131219,3516
131219,3548
131219,3580
131219,3612
131219,3644
131219,3676
131219,3708
131219,3740
131219,3772
131219,3804
131219,3836
131219,3868
131219,3900
131219,3932
131219,3964
131219,3996
131219,4028
131219,4060
131219,4092
131219,4124
131219,4156
131219,4188
131219,4220
131219,4252
131219,4284
131219,4316
131219,4348
131219,4380
131219,4412
131219,4444
131219,4476
131219,4508
131219,4540
131219,4572
131219,4604
131219,4636
131219,4668
131219,4700
131219,4732
131219,4764
131219,4796
131219,4828
131219,4860
131219,4892
131219,4924
131219,4956
131219,4988
131219,5020
131219,5052
131219,5084
131219,5116
131219,5148
131219,5180
131219,5212
131219,5244
131219,5276
131219,5308
131219,5340
131219,5372
131219,5404
131219,5436
131219,5468
131219,5500
131219,5532
131219,5564
131219,5596
131219,5628
131219,5660
131219,5692
131219,5724
131219,5756
131219,5788
131219,5820
131219,5852
131219,5884
131219,5916
131219,5948
131219,5980
131219,6012
131219,6044
131219,6076
131219,6108
131219,6140
131219,6172
131219,6204
