131217,1
131217,4
131217,12
131217,28
131217,60
131217,92
131217,124
131217,156
131217,188
131217,220
131217,252
131217,284
131217,316
131217,348
131217,380
131217,412
131217,444
131217,476
131217,508
131217,540
131217,572
131217,604
131217,636
131217,668
131217,700
131217,732
131217,764
131217,796
131217,828
131217,860
131217,892
131217,924
131217,956
131217,988
131217,1020
131217,1052
131217,1084
131217,1116
131217,1148
131217,1180
131217,1212
131217,1244
131217,1276
131217,1308
131217,1340
131217,1372
131217,1404
131217,1436
131217,1468
131217,1500
131217,1532
131217,1564
131217,1596
131217,1628
131217,1660
131217,1692
131217,1724
131217,1756
131217,1788
131217,1820
131217,1852
131217,1884
131217,1916
131217,1948
131217,1980
131217,2012
131217,2044
131217,2076
131217,2108
131217,2140
131217,2172
131217,2204
131217,2236
131217,2268
131217,2300
131217,2332
131217,2364
131217,2396
131217,2428
131217,2460
131217,2492
131217,2524
131217,2556
131217,2588
131217,2620
131217,2652
131217,2684
131217,2716
131217,2748
131217,2780
131217,2812
131217,2844
131217,2876
131217,2908
131217,2940
131217,2972
131217,3004
131217,3036
131217,3068
131217,3100
131217,3132
131217,3164
131217,3196
131217,3228
131217,3260
131217,3292
131217,3324
131217,3356
131217,3388
131217,3420
131217,3452
131217,3484
131217,3516
131217,3548
131217,3580
131217,3612
131217,3644
131217,3676
131217,3708
131217,3740
131217,3772
131217,3804
131217,3836
131217,3868
131217,3900
131217,3932
131217,3964
131217,3996
131217,4028
131217,4060
131217,4092
131217,4124
131217,4156
131217,4188
131217,4220
131217,4252
131217,4284
131217,4316
131217,4348
131217,4380
131217,4412
131217,4444
131217,4476
131217,4508
131217,4540
131217,4572
131217,4604
131217,4636
131217,4668
131217,4700
131217,4732
131217,4764
131217,4796
131217,4828
131217,4860
131217,4892
131217,4924
131217,4956
131217,4988
131217,5020
131217,5052
131217,5084
131217,5116
131217,5148
131217,5180
131217,5212
131217,5244
131217,5276
131217,5308
131217,5340
131217,5372
131217,5404
131217,5436
131217,5468
131217,5500
131217,5532
131217,5564
131217,5596
131217,5628
131217,5660
131217,5692
131217,5724
131217,5756
131217,5788
131217,5820
131217,5852
131217,5884
131217,5916
131217,5948
131217,5980
131217,6012
131217,6044
131217,6076
131217,6108
131217,6140
131217,6172
131217,6204
