131234,1
131234,4
131234,12
131234,28
131234,60
131234,92
131234,124
131234,156
131234,188
131234,220
131234,252
131234,284
131234,316
131234,348
131234,380
131234,412
131234,444
131234,476
131234,508
131234,540
131234,572
131234,604
131234,636
131234,668
131234,700
131234,732
131234,764
131234,796
131234,828
131234,860
131234,892
131234,924
131234,956
131234,988
131234,1020
131234,1052
131234,1084
131234,1116
131234,1148
131234,1180
131234,1212
131234,1244
131234,1276
131234,1308
131234,1340
131234,1372
131234,1404
131234,1436
131234,1468
131234,1500
131234,1532
131234,1564
131234,1596
131234,1628
131234,1660
131234,1692
131234,1724
131234,1756
131234,1788
131234,1820
131234,1852
131234,1884
131234,1916
131234,1948
131234,1980
131234,2012
131234,2044
131234,2076
131234,2108
131234,2140
131234,2172
131234,2204
131234,2236
131234,2268
131234,2300
131234,2332
131234,2364
131234,2396
131234,2428
131234,2460
131234,2492
131234,2524
131234,2556
131234,2588
131234,2620
131234,2652
131234,2684
131234,2716
131234,2748
131234,2780
131234,2812
131234,2844
131234,2876
131234,2908
131234,2940
131234,2972
131234,3004
131234,3036
131234,3068
131234,3100
131234,3132
131234,3164
131234,3196
131234,3228
131234,3260
131234,3292
131234,3324
131234,3356
131234,3388
131234,3420
131234,3452
131234,3484
131234,3516
131234,3548
131234,3580
131234,3612
131234,3644
131234,3676
131234,3708
131234,3740
131234,3772
131234,3804
131234,3836
131234,3868
131234,3900
131234,3932
131234,3964
131234,3996
131234,4028
131234,4060
131234,4092
131234,4124
131234,4156
131234,4188
131234,4220
131234,4252
131234,4284
131234,4316
131234,4348
131234,4380
131234,4412
131234,4444
131234,4476
131234,4508
131234,4540
131234,4572
131234,4604
131234,4636
131234,4668
131234,4700
131234,4732
131234,4764
131234,4796
131234,4828
131234,4860
131234,4892
131234,4924
131234,4956
131234,4988
131234,5020
131234,5052
131234,5084
131234,5116
131234,5148
131234,5180
131234,5212
131234,5244
131234,5276
131234,5308
131234,5340
131234,5372
131234,5404
131234,5436
131234,5468
131234,5500
131234,5532
131234,5564
131234,5596
131234,5628
131234,5660
131234,5692
131234,5724
131234,5756
131234,5788
131234,5820
131234,5852
131234,5884
131234,5916
131234,5948
131234,5980
131234,6012
131234,6044
131234,6076
131234,6108
131234,6140
131234,6172
