131235,1
131235,4
131235,12
131235,28
131235,60
131235,92
131235,124
131235,156
131235,188
131235,220
131235,252
131235,284
131235,316
131235,348
131235,380
131235,412
131235,444
131235,476
131235,508
131235,540
131235,572
131235,604
131235,636
131235,668
131235,700
131235,732
131235,764
131235,796
131235,828
131235,860
131235,892
131235,924
131235,956
131235,988
131235,1020
131235,1052
131235,1084
131235,1116
131235,1148
131235,1180
131235,1212
131235,1244
131235,1276
131235,1308
131235,1340
131235,1372
131235,1404
131235,1436
131235,1468
131235,1500
131235,1532
131235,1564
131235,1596
131235,1628
131235,1660
131235,1692
131235,1724
131235,1756
131235,1788
131235,1820
131235,1852
131235,1884
131235,1916
131235,1948
131235,1980
131235,2012
131235,2044
131235,2076
131235,2108
131235,2140
131235,2172
131235,2204
131235,2236
131235,2268
131235,2300
131235,2332
131235,2364
131235,2396
131235,2428
131235,2460
131235,2492
131235,2524
131235,2556
131235,2588
131235,2620
131235,2652
131235,2684
131235,2716
131235,2748
131235,2780
131235,2812
131235,2844
131235,2876
131235,2908
131235,2940
131235,2972
131235,3004
131235,3036
131235,3068
131235,3100
131235,3132
131235,3164
131235,3196
131235,3228
131235,3260
131235,3292
131235,3324
131235,3356
131235,3388
131235,3420
131235,3452
131235,3484
131235,3516
131235,3548
131235,3580
131235,3612
131235,3644
131235,3676
131235,3708
131235,3740
131235,3772
131235,3804
131235,3836
131235,3868
131235,3900
131235,3932
131235,3964
131235,3996
131235,4028
131235,4060
131235,4092
131235,4124
131235,4156
131235,4188
131235,4220
131235,4252
131235,4284
131235,4316
131235,4348
131235,4380
131235,4412
131235,4444
131235,4476
131235,4508
131235,4540
131235,4572
131235,4604
131235,4636
131235,4668
131235,4700
131235,4732
131235,4764
131235,4796
131235,4828
131235,4860
131235,4892
131235,4924
131235,4956
131235,4988
131235,5020
131235,5052
131235,5084
131235,5116
131235,5148
131235,5180
131235,5212
131235,5244
131235,5276
131235,5308
131235,5340
131235,5372
131235,5404
131235,5436
131235,5468
131235,5500
131235,5532
131235,5564
131235,5596
131235,5628
131235,5660
131235,5692
131235,5724
131235,5756
131235,5788
131235,5820
131235,5852
131235,5884
131235,5916
131235,5948
131235,5980
131235,6012
131235,6044
131235,6076
131235,6108
131235,6140
131235,6172
131235,6204
131235,6236
131235,6268
131235,6300
131235,6332
131235,6364
131235,6396
131235,6428
131235,6460
131235,6492
131235,6524
131235,6556
131235,6588
131235,6620
131235,6652
131235,6684
131235,6716
131235,6748
131235,6780
131235,6812
131235,6844
131235,6876
131235,6908
131235,6940
131235,6972
131235,7004
131235,7036
131235,7068
131235,7100
131235,7132
131235,7164
131235,7196
131235,7228
131235,7260
131235,7292
131235,7324
131235,7356
131235,7388
131235,7420
131235,7452
131235,7484
131235,7516
131235,7548
131235,7580
131235,7612
131235,7644
131235,7676
131235,7708
131235,7740
131235,7772
131235,7804
131235,7836
131235,7868
131235,7900
131235,7932
131235,7964
131235,7996
131235,8028
131235,8060
131235,8092
131235,8124
131235,8156
131235,8188
131235,8220
131235,8252
131235,8284
131235,8316
131235,8348
131235,8380
131235,8412
131235,8444
131235,8476
131235,8508
131235,8540
131235,8572
131235,8604
131235,8636
131235,8668
131235,8700
131235,8732
131235,8764
131235,8796
131235,8828
131235,8860
131235,8892
131235,8924
131235,8956
131235,8988
131235,9020
131235,9052
131235,9084
131235,9116
131235,9148
131235,9180
131235,9212
131235,9244
131235,9276
131235,9308
131235,9340
131235,9372
131235,9404
131235,9436
131235,9468
131235,9500
131235,9532
131235,9564
131235,9596
131235,9628
131235,9660
131235,9692
131235,9724
131235,9756
131235,9788
131235,9820
131235,9852
131235,9884
131235,9916
131235,9948
131235,9980
131235,10012
131235,10044
131235,10076
131235,10108
131235,10140
131235,10172
131235,10204
131235,10236
131235,10268
131235,10300
131235,10332
131235,10364
131235,10396
131235,10428
131235,10460
131235,10492
131235,10524
131235,10556
131235,10588
131235,10620
131235,10652
131235,10684
131235,10716
131235,10748
131235,10780
131235,10812
131235,10844
131235,10876
131235,10908
131235,10940
131235,10972
131235,11004
131235,11036
131235,11068
131235,11100
131235,11132
131235,11164
131235,11196
131235,11228
131235,11260
131235,11292
131235,11324
131235,11356
131235,11388
131235,11420
131235,11452
131235,11484
131235,11516
131235,11548
131235,11580
131235,11612
131235,11644
131235,11676
131235,11708
131235,11740
131235,11772
131235,11804
131235,11836
131235,11868
131235,11900
131235,11932
131235,11964
131235,11996
131235,12028
