131398,1
131398,4
131398,12
131398,28
131398,60
131398,92
131398,124
131398,156
131398,188
131398,220
131398,252
131398,284
131398,316
131398,348
131398,380
131398,412
131398,444
131398,476
131398,508
131398,540
131398,572
131398,604
131398,636
131398,668
131398,700
131398,732
131398,764
131398,796
131398,828
131398,860
131398,892
131398,924
131398,956
131398,988
131398,1020
131398,1052
131398,1084
131398,1116
131398,1148
131398,1180
131398,1212
131398,1244
131398,1276
131398,1308
131398,1340
131398,1372
131398,1404
131398,1436
131398,1468
131398,1500
131398,1532
131398,1564
131398,1596
131398,1628
131398,1660
131398,1692
131398,1724
131398,1756
131398,1788
131398,1820
131398,1852
131398,1884
131398,1916
131398,1948
131398,1980
131398,2012
131398,2044
131398,2076
131398,2108
131398,2140
131398,2172
131398,2204
131398,2236
131398,2268
131398,2300
131398,2332
131398,2364
131398,2396
131398,2428
131398,2460
131398,2492
131398,2524
131398,2556
131398,2588
131398,2620
131398,2652
131398,2684
131398,2716
131398,2748
131398,2780
131398,2812
131398,2844
131398,2876
131398,2908
131398,2940
131398,2972
131398,3004
131398,3036
131398,3068
131398,3100
131398,3132
131398,3164
131398,3196
131398,3228
131398,3260
131398,3292
131398,3324
131398,3356
131398,3388
131398,3420
131398,3452
131398,3484
131398,3516
131398,3548
131398,3580
131398,3612
131398,3644
131398,3676
131398,3708
131398,3740
131398,3772
131398,3804
131398,3836
131398,3868
131398,3900
131398,3932
131398,3964
131398,3996
131398,4028
131398,4060
131398,4092
131398,4124
131398,4156
131398,4188
131398,4220
131398,4252
131398,4284
131398,4316
131398,4348
131398,4380
131398,4412
131398,4444
131398,4476
131398,4508
131398,4540
131398,4572
131398,4604
131398,4636
131398,4668
131398,4700
131398,4732
131398,4764
131398,4796
131398,4828
131398,4860
131398,4892
131398,4924
131398,4956
131398,4988
131398,5020
131398,5052
131398,5084
131398,5116
131398,5148
131398,5180
131398,5212
131398,5244
131398,5276
131398,5308
131398,5340
131398,5372
131398,5404
131398,5436
131398,5468
131398,5500
131398,5532
131398,5564
131398,5596
131398,5628
131398,5660
131398,5692
131398,5724
131398,5756
131398,5788
131398,5820
131398,5852
131398,5884
131398,5916
131398,5948
131398,5980
131398,6012
131398,6044
131398,6076
131398,6108
131398,6140
131398,6172
131398,6204
