131358,1
131358,4
131358,12
131358,28
131358,60
131358,92
131358,124
131358,156
131358,188
131358,220
131358,252
131358,284
131358,316
131358,348
131358,380
131358,412
131358,444
131358,476
131358,508
131358,540
131358,572
131358,604
131358,636
131358,668
131358,700
131358,732
131358,764
131358,796
131358,828
131358,860
131358,892
131358,924
131358,956
131358,988
131358,1020
131358,1052
131358,1084
131358,1116
131358,1148
131358,1180
131358,1212
131358,1244
131358,1276
131358,1308
131358,1340
131358,1372
131358,1404
131358,1436
131358,1468
131358,1500
131358,1532
131358,1564
131358,1596
131358,1628
131358,1660
131358,1692
131358,1724
131358,1756
131358,1788
131358,1820
131358,1852
131358,1884
131358,1916
131358,1948
131358,1980
131358,2012
131358,2044
131358,2076
131358,2108
131358,2140
131358,2172
131358,2204
131358,2236
131358,2268
131358,2300
131358,2332
131358,2364
131358,2396
131358,2428
131358,2460
131358,2492
131358,2524
131358,2556
131358,2588
131358,2620
131358,2652
131358,2684
131358,2716
131358,2748
131358,2780
131358,2812
131358,2844
131358,2876
131358,2908
131358,2940
131358,2972
131358,3004
131358,3036
131358,3068
131358,3100
131358,3132
131358,3164
131358,3196
131358,3228
131358,3260
131358,3292
131358,3324
131358,3356
131358,3388
131358,3420
131358,3452
131358,3484
131358,3516
131358,3548
131358,3580
131358,3612
131358,3644
131358,3676
131358,3708
131358,3740
131358,3772
131358,3804
131358,3836
131358,3868
131358,3900
131358,3932
131358,3964
131358,3996
131358,4028
131358,4060
131358,4092
131358,4124
131358,4156
131358,4188
131358,4220
131358,4252
131358,4284
131358,4316
131358,4348
131358,4380
