131395,1
131395,4
131395,12
131395,28
131395,60
131395,92
131395,124
131395,156
131395,188
131395,220
131395,252
131395,284
131395,316
131395,348
131395,380
131395,412
131395,444
131395,476
131395,508
131395,540
131395,572
131395,604
131395,636
131395,668
131395,700
131395,732
131395,764
131395,796
131395,828
131395,860
131395,892
131395,924
131395,956
131395,988
131395,1020
131395,1052
131395,1084
131395,1116
131395,1148
131395,1180
131395,1212
131395,1244
131395,1276
131395,1308
131395,1340
131395,1372
131395,1404
131395,1436
131395,1468
131395,1500
131395,1532
131395,1564
131395,1596
131395,1628
131395,1660
131395,1692
131395,1724
131395,1756
131395,1788
131395,1820
131395,1852
131395,1884
131395,1916
131395,1948
131395,1980
131395,2012
131395,2044
131395,2076
131395,2108
131395,2140
131395,2172
131395,2204
131395,2236
131395,2268
131395,2300
131395,2332
131395,2364
131395,2396
131395,2428
131395,2460
131395,2492
131395,2524
131395,2556
131395,2588
131395,2620
131395,2652
131395,2684
131395,2716
131395,2748
131395,2780
131395,2812
131395,2844
131395,2876
131395,2908
131395,2940
131395,2972
131395,3004
131395,3036
131395,3068
131395,3100
131395,3132
131395,3164
131395,3196
131395,3228
131395,3260
131395,3292
131395,3324
131395,3356
131395,3388
131395,3420
131395,3452
131395,3484
131395,3516
131395,3548
131395,3580
131395,3612
131395,3644
131395,3676
131395,3708
131395,3740
131395,3772
131395,3804
131395,3836
131395,3868
131395,3900
131395,3932
131395,3964
131395,3996
131395,4028
131395,4060
131395,4092
131395,4124
131395,4156
131395,4188
131395,4220
131395,4252
131395,4284
131395,4316
131395,4348
131395,4380
131395,4412
131395,4444
131395,4476
131395,4508
131395,4540
131395,4572
131395,4604
131395,4636
131395,4668
131395,4700
131395,4732
131395,4764
131395,4796
131395,4828
131395,4860
131395,4892
131395,4924
131395,4956
131395,4988
131395,5020
131395,5052
131395,5084
131395,5116
131395,5148
131395,5180
131395,5212
131395,5244
131395,5276
131395,5308
131395,5340
131395,5372
131395,5404
131395,5436
131395,5468
131395,5500
131395,5532
131395,5564
131395,5596
131395,5628
131395,5660
131395,5692
131395,5724
131395,5756
131395,5788
131395,5820
131395,5852
131395,5884
131395,5916
131395,5948
131395,5980
131395,6012
131395,6044
131395,6076
131395,6108
131395,6140
131395,6172
131395,6204
