131429,1
131429,4
131429,12
131429,28
131429,60
131429,92
131429,124
131429,156
131429,188
131429,220
131429,252
131429,284
131429,316
131429,348
131429,380
131429,412
131429,444
131429,476
131429,508
131429,540
131429,572
131429,604
131429,636
131429,668
131429,700
131429,732
131429,764
131429,796
131429,828
131429,860
131429,892
131429,924
131429,956
131429,988
131429,1020
131429,1052
131429,1084
131429,1116
131429,1148
131429,1180
131429,1212
131429,1244
131429,1276
131429,1308
131429,1340
131429,1372
131429,1404
131429,1436
131429,1468
131429,1500
131429,1532
131429,1564
131429,1596
131429,1628
131429,1660
131429,1692
131429,1724
131429,1756
131429,1788
131429,1820
131429,1852
131429,1884
131429,1916
131429,1948
131429,1980
131429,2012
131429,2044
131429,2076
131429,2108
131429,2140
131429,2172
131429,2204
131429,2236
131429,2268
131429,2300
131429,2332
131429,2364
131429,2396
131429,2428
131429,2460
131429,2492
131429,2524
131429,2556
131429,2588
131429,2620
131429,2652
131429,2684
131429,2716
131429,2748
131429,2780
131429,2812
131429,2844
131429,2876
131429,2908
131429,2940
131429,2972
131429,3004
131429,3036
131429,3068
131429,3100
131429,3132
131429,3164
131429,3196
131429,3228
131429,3260
131429,3292
131429,3324
131429,3356
131429,3388
131429,3420
131429,3452
131429,3484
131429,3516
131429,3548
131429,3580
131429,3612
131429,3644
131429,3676
131429,3708
131429,3740
131429,3772
131429,3804
131429,3836
131429,3868
131429,3900
131429,3932
131429,3964
131429,3996
131429,4028
131429,4060
131429,4092
131429,4124
131429,4156
131429,4188
131429,4220
131429,4252
131429,4284
131429,4316
131429,4348
131429,4380
131429,4412
131429,4444
131429,4476
131429,4508
131429,4540
131429,4572
131429,4604
131429,4636
131429,4668
131429,4700
131429,4732
131429,4764
131429,4796
131429,4828
131429,4860
131429,4892
131429,4924
131429,4956
131429,4988
131429,5020
131429,5052
131429,5084
131429,5116
131429,5148
131429,5180
131429,5212
131429,5244
131429,5276
131429,5308
131429,5340
131429,5372
131429,5404
131429,5436
131429,5468
131429,5500
131429,5532
131429,5564
131429,5596
131429,5628
131429,5660
131429,5692
131429,5724
131429,5756
131429,5788
131429,5820
131429,5852
131429,5884
131429,5916
131429,5948
131429,5980
131429,6012
131429,6044
131429,6076
131429,6108
131429,6140
131429,6172
131429,6204
131429,6236
131429,6268
131429,6300
131429,6332
131429,6364
131429,6396
131429,6428
131429,6460
131429,6492
131429,6524
131429,6556
131429,6588
131429,6620
131429,6652
131429,6684
131429,6716
131429,6748
131429,6780
131429,6812
131429,6844
131429,6876
131429,6908
131429,6940
131429,6972
131429,7004
131429,7036
131429,7068
131429,7100
131429,7132
131429,7164
131429,7196
131429,7228
131429,7260
131429,7292
131429,7324
131429,7356
131429,7388
131429,7420
131429,7452
131429,7484
131429,7516
131429,7548
131429,7580
131429,7612
131429,7644
131429,7676
131429,7708
131429,7740
131429,7772
131429,7804
131429,7836
131429,7868
131429,7900
131429,7932
131429,7964
131429,7996
131429,8028
131429,8060
131429,8092
131429,8124
131429,8156
131429,8188
131429,8220
131429,8252
131429,8284
131429,8316
