131421,1
131421,4
131421,12
131421,28
131421,60
131421,92
131421,124
131421,156
131421,188
131421,220
131421,252
131421,284
131421,316
131421,348
131421,380
131421,412
131421,444
131421,476
131421,508
131421,540
131421,572
131421,604
131421,636
131421,668
131421,700
131421,732
131421,764
131421,796
131421,828
131421,860
131421,892
131421,924
131421,956
131421,988
131421,1020
131421,1052
131421,1084
131421,1116
131421,1148
131421,1180
131421,1212
131421,1244
131421,1276
131421,1308
131421,1340
131421,1372
131421,1404
131421,1436
131421,1468
131421,1500
131421,1532
131421,1564
131421,1596
131421,1628
131421,1660
131421,1692
131421,1724
131421,1756
131421,1788
131421,1820
131421,1852
131421,1884
131421,1916
131421,1948
131421,1980
131421,2012
131421,2044
131421,2076
131421,2108
131421,2140
131421,2172
131421,2204
131421,2236
131421,2268
131421,2300
131421,2332
131421,2364
131421,2396
131421,2428
131421,2460
131421,2492
131421,2524
131421,2556
131421,2588
131421,2620
131421,2652
131421,2684
131421,2716
131421,2748
131421,2780
131421,2812
131421,2844
131421,2876
131421,2908
131421,2940
131421,2972
131421,3004
131421,3036
131421,3068
131421,3100
131421,3132
131421,3164
131421,3196
131421,3228
131421,3260
131421,3292
131421,3324
131421,3356
131421,3388
131421,3420
131421,3452
131421,3484
131421,3516
131421,3548
131421,3580
131421,3612
131421,3644
131421,3676
131421,3708
131421,3740
131421,3772
131421,3804
131421,3836
131421,3868
131421,3900
131421,3932
131421,3964
131421,3996
131421,4028
131421,4060
131421,4092
131421,4124
131421,4156
131421,4188
131421,4220
131421,4252
131421,4284
131421,4316
131421,4348
131421,4380
131421,4412
131421,4444
131421,4476
131421,4508
131421,4540
131421,4572
131421,4604
131421,4636
131421,4668
131421,4700
131421,4732
131421,4764
131421,4796
131421,4828
131421,4860
131421,4892
131421,4924
131421,4956
131421,4988
131421,5020
131421,5052
131421,5084
131421,5116
131421,5148
131421,5180
131421,5212
131421,5244
131421,5276
131421,5308
131421,5340
131421,5372
131421,5404
131421,5436
131421,5468
131421,5500
131421,5532
131421,5564
131421,5596
131421,5628
131421,5660
131421,5692
131421,5724
131421,5756
131421,5788
131421,5820
131421,5852
131421,5884
131421,5916
131421,5948
131421,5980
131421,6012
131421,6044
131421,6076
131421,6108
131421,6140
131421,6172
131421,6204
131421,6236
131421,6268
131421,6300
131421,6332
131421,6364
131421,6396
131421,6428
131421,6460
131421,6492
131421,6524
131421,6556
131421,6588
131421,6620
131421,6652
131421,6684
131421,6716
131421,6748
131421,6780
131421,6812
131421,6844
131421,6876
131421,6908
131421,6940
131421,6972
131421,7004
131421,7036
131421,7068
131421,7100
131421,7132
131421,7164
131421,7196
131421,7228
131421,7260
131421,7292
131421,7324
131421,7356
131421,7388
131421,7420
131421,7452
131421,7484
131421,7516
131421,7548
131421,7580
131421,7612
131421,7644
131421,7676
131421,7708
131421,7740
131421,7772
131421,7804
131421,7836
131421,7868
131421,7900
131421,7932
131421,7964
131421,7996
131421,8028
131421,8060
131421,8092
131421,8124
131421,8156
131421,8188
131421,8220
131421,8252
131421,8284
131421,8316
131421,8348
131421,8380
131421,8412
131421,8444
131421,8476
131421,8508
131421,8540
131421,8572
131421,8604
131421,8636
131421,8668
131421,8700
131421,8732
131421,8764
131421,8796
131421,8828
131421,8860
131421,8892
131421,8924
131421,8956
131421,8988
131421,9020
131421,9052
131421,9084
131421,9116
131421,9148
131421,9180
131421,9212
131421,9244
131421,9276
131421,9308
131421,9340
131421,9372
131421,9404
131421,9436
131421,9468
131421,9500
131421,9532
131421,9564
131421,9596
131421,9628
131421,9660
131421,9692
131421,9724
131421,9756
131421,9788
131421,9820
131421,9852
131421,9884
131421,9916
131421,9948
131421,9980
131421,10012
131421,10044
131421,10076
131421,10108
131421,10140
131421,10172
131421,10204
131421,10236
131421,10268
131421,10300
131421,10332
131421,10364
131421,10396
131421,10428
131421,10460
131421,10492
131421,10524
131421,10556
131421,10588
131421,10620
131421,10652
131421,10684
131421,10716
131421,10748
131421,10780
131421,10812
131421,10844
131421,10876
131421,10908
131421,10940
131421,10972
131421,11004
131421,11036
131421,11068
131421,11100
131421,11132
131421,11164
131421,11196
131421,11228
131421,11260
131421,11292
131421,11324
131421,11356
131421,11388
131421,11420
131421,11452
131421,11484
131421,11516
131421,11548
131421,11580
131421,11612
131421,11644
131421,11676
131421,11708
131421,11740
131421,11772
131421,11804
131421,11836
131421,11868
131421,11900
131421,11932
131421,11964
131421,11996
131421,12028
131421,12060
131421,12092
131421,12124
131421,12156
131421,12188
131421,12220
131421,12252
131421,12284
131421,12316
131421,12348
131421,12380
131421,12412
131421,12444
131421,12476
131421,12508
131421,12540
131421,12572
131421,12604
131421,12636
131421,12668
131421,12700
131421,12732
131421,12764
131421,12796
131421,12828
131421,12860
131421,12892
131421,12924
131421,12956
131421,12988
131421,13020
131421,13052
131421,13084
131421,13116
131421,13148
131421,13180
131421,13212
131421,13244
131421,13276
131421,13308
131421,13340
131421,13372
131421,13404
131421,13436
131421,13468
131421,13500
131421,13532
131421,13564
131421,13596
131421,13628
131421,13660
131421,13692
131421,13724
131421,13756
131421,13788
131421,13820
131421,13852
131421,13884
131421,13916
131421,13948
131421,13980
131421,14012
131421,14044
131421,14076
131421,14108
131421,14140
131421,14172
131421,14204
131421,14236
131421,14268
131421,14300
131421,14332
131421,14364
131421,14396
131421,14428
131421,14460
131421,14492
131421,14524
131421,14556
131421,14588
131421,14620
131421,14652
131421,14684
131421,14716
131421,14748
131421,14780
131421,14812
131421,14844
131421,14876
131421,14908
131421,14940
131421,14972
131421,15004
131421,15036
131421,15068
131421,15100
131421,15132
131421,15164
131421,15196
131421,15228
131421,15260
131421,15292
131421,15324
131421,15356
131421,15388
131421,15420
131421,15452
131421,15484
131421,15516
131421,15548
131421,15580
131421,15612
131421,15644
131421,15676
131421,15708
131421,15740
131421,15772
131421,15804
131421,15836
131421,15868
131421,15900
131421,15932
131421,15964
131421,15996
131421,16028
131421,16060
131421,16092
131421,16124
131421,16156
131421,16188
131421,16220
131421,16252
131421,16284
131421,16316
131421,16348
131421,16380
