131498,1
131498,4
131498,12
131498,28
131498,60
131498,92
131498,124
131498,156
131498,188
131498,220
131498,252
131498,284
131498,316
131498,348
131498,380
131498,412
131498,444
131498,476
131498,508
131498,540
131498,572
131498,604
131498,636
131498,668
131498,700
131498,732
131498,764
131498,796
131498,828
131498,860
131498,892
131498,924
131498,956
131498,988
131498,1020
131498,1052
131498,1084
131498,1116
131498,1148
131498,1180
131498,1212
131498,1244
131498,1276
131498,1308
131498,1340
131498,1372
131498,1404
131498,1436
131498,1468
131498,1500
131498,1532
131498,1564
131498,1596
131498,1628
131498,1660
131498,1692
131498,1724
131498,1756
131498,1788
131498,1820
131498,1852
131498,1884
131498,1916
131498,1948
131498,1980
131498,2012
131498,2044
131498,2076
131498,2108
131498,2140
131498,2172
131498,2204
131498,2236
131498,2268
131498,2300
131498,2332
131498,2364
131498,2396
131498,2428
131498,2460
131498,2492
131498,2524
131498,2556
131498,2588
131498,2620
131498,2652
131498,2684
131498,2716
131498,2748
131498,2780
131498,2812
131498,2844
131498,2876
131498,2908
131498,2940
131498,2972
131498,3004
131498,3036
131498,3068
131498,3100
131498,3132
131498,3164
131498,3196
131498,3228
131498,3260
131498,3292
131498,3324
131498,3356
131498,3388
131498,3420
131498,3452
131498,3484
131498,3516
131498,3548
131498,3580
131498,3612
131498,3644
131498,3676
131498,3708
131498,3740
131498,3772
131498,3804
131498,3836
131498,3868
131498,3900
131498,3932
131498,3964
131498,3996
131498,4028
131498,4060
131498,4092
131498,4124
131498,4156
131498,4188
131498,4220
131498,4252
131498,4284
131498,4316
131498,4348
131498,4380
131498,4412
131498,4444
131498,4476
131498,4508
131498,4540
131498,4572
131498,4604
131498,4636
131498,4668
131498,4700
131498,4732
131498,4764
131498,4796
131498,4828
131498,4860
131498,4892
131498,4924
131498,4956
131498,4988
131498,5020
131498,5052
131498,5084
131498,5116
131498,5148
131498,5180
131498,5212
131498,5244
131498,5276
131498,5308
131498,5340
131498,5372
131498,5404
131498,5436
131498,5468
131498,5500
131498,5532
131498,5564
131498,5596
131498,5628
131498,5660
131498,5692
131498,5724
