131499,1
131499,4
131499,12
131499,28
131499,60
131499,92
131499,124
131499,156
131499,188
131499,220
131499,252
131499,284
131499,316
131499,348
131499,380
131499,412
131499,444
131499,476
131499,508
131499,540
131499,572
131499,604
131499,636
131499,668
131499,700
131499,732
131499,764
131499,796
131499,828
131499,860
131499,892
131499,924
131499,956
131499,988
131499,1020
131499,1052
131499,1084
131499,1116
131499,1148
131499,1180
131499,1212
131499,1244
131499,1276
131499,1308
131499,1340
131499,1372
131499,1404
131499,1436
131499,1468
131499,1500
131499,1532
131499,1564
131499,1596
131499,1628
131499,1660
131499,1692
131499,1724
131499,1756
131499,1788
131499,1820
131499,1852
131499,1884
131499,1916
131499,1948
131499,1980
131499,2012
131499,2044
131499,2076
131499,2108
131499,2140
131499,2172
131499,2204
131499,2236
131499,2268
131499,2300
131499,2332
131499,2364
131499,2396
131499,2428
131499,2460
131499,2492
131499,2524
131499,2556
131499,2588
131499,2620
131499,2652
131499,2684
131499,2716
131499,2748
131499,2780
131499,2812
131499,2844
131499,2876
131499,2908
131499,2940
131499,2972
131499,3004
131499,3036
131499,3068
131499,3100
131499,3132
131499,3164
131499,3196
131499,3228
131499,3260
131499,3292
131499,3324
131499,3356
131499,3388
131499,3420
131499,3452
131499,3484
131499,3516
131499,3548
131499,3580
131499,3612
131499,3644
131499,3676
131499,3708
131499,3740
131499,3772
131499,3804
131499,3836
131499,3868
131499,3900
131499,3932
131499,3964
131499,3996
131499,4028
131499,4060
131499,4092
131499,4124
131499,4156
131499,4188
131499,4220
131499,4252
131499,4284
131499,4316
131499,4348
131499,4380
131499,4412
131499,4444
131499,4476
131499,4508
131499,4540
131499,4572
131499,4604
131499,4636
131499,4668
131499,4700
131499,4732
131499,4764
131499,4796
131499,4828
131499,4860
131499,4892
131499,4924
131499,4956
131499,4988
131499,5020
131499,5052
131499,5084
131499,5116
131499,5148
131499,5180
131499,5212
131499,5244
131499,5276
131499,5308
131499,5340
131499,5372
131499,5404
131499,5436
131499,5468
131499,5500
131499,5532
131499,5564
131499,5596
131499,5628
131499,5660
131499,5692
131499,5724
131499,5756
131499,5788
131499,5820
131499,5852
131499,5884
131499,5916
131499,5948
131499,5980
131499,6012
131499,6044
131499,6076
131499,6108
131499,6140
131499,6172
131499,6204
131499,6236
131499,6268
131499,6300
131499,6332
131499,6364
131499,6396
131499,6428
131499,6460
131499,6492
131499,6524
131499,6556
131499,6588
131499,6620
131499,6652
131499,6684
131499,6716
131499,6748
131499,6780
131499,6812
131499,6844
131499,6876
131499,6908
131499,6940
131499,6972
131499,7004
131499,7036
131499,7068
131499,7100
131499,7132
131499,7164
131499,7196
131499,7228
131499,7260
131499,7292
131499,7324
131499,7356
131499,7388
131499,7420
131499,7452
131499,7484
131499,7516
131499,7548
131499,7580
131499,7612
131499,7644
131499,7676
131499,7708
131499,7740
131499,7772
131499,7804
131499,7836
131499,7868
131499,7900
131499,7932
131499,7964
131499,7996
131499,8028
131499,8060
131499,8092
131499,8124
131499,8156
131499,8188
131499,8220
131499,8252
131499,8284
131499,8316
131499,8348
131499,8380
131499,8412
131499,8444
131499,8476
131499,8508
131499,8540
131499,8572
131499,8604
131499,8636
131499,8668
131499,8700
131499,8732
131499,8764
131499,8796
131499,8828
131499,8860
131499,8892
131499,8924
131499,8956
131499,8988
131499,9020
131499,9052
131499,9084
131499,9116
131499,9148
131499,9180
131499,9212
131499,9244
131499,9276
131499,9308
131499,9340
131499,9372
131499,9404
131499,9436
131499,9468
131499,9500
131499,9532
131499,9564
131499,9596
131499,9628
131499,9660
131499,9692
131499,9724
131499,9756
131499,9788
131499,9820
131499,9852
131499,9884
131499,9916
131499,9948
131499,9980
131499,10012
131499,10044
131499,10076
131499,10108
131499,10140
131499,10172
131499,10204
131499,10236
131499,10268
131499,10300
131499,10332
131499,10364
131499,10396
131499,10428
131499,10460
131499,10492
131499,10524
131499,10556
131499,10588
131499,10620
131499,10652
131499,10684
131499,10716
131499,10748
131499,10780
131499,10812
131499,10844
131499,10876
131499,10908
131499,10940
131499,10972
131499,11004
131499,11036
131499,11068
131499,11100
131499,11132
131499,11164
131499,11196
131499,11228
131499,11260
131499,11292
131499,11324
131499,11356
131499,11388
131499,11420
131499,11452
131499,11484
131499,11516
131499,11548
131499,11580
131499,11612
131499,11644
131499,11676
131499,11708
131499,11740
131499,11772
131499,11804
131499,11836
131499,11868
131499,11900
131499,11932
131499,11964
131499,11996
131499,12028
131499,12060
131499,12092
131499,12124
131499,12156
131499,12188
131499,12220
131499,12252
131499,12284
131499,12316
131499,12348
131499,12380
131499,12412
131499,12444
131499,12476
131499,12508
131499,12540
131499,12572
131499,12604
131499,12636
131499,12668
131499,12700
131499,12732
131499,12764
131499,12796
131499,12828
131499,12860
131499,12892
131499,12924
131499,12956
131499,12988
131499,13020
131499,13052
131499,13084
131499,13116
131499,13148
131499,13180
131499,13212
131499,13244
131499,13276
131499,13308
131499,13340
131499,13372
131499,13404
131499,13436
131499,13468
131499,13500
131499,13532
131499,13564
131499,13596
131499,13628
131499,13660
131499,13692
131499,13724
131499,13756
131499,13788
131499,13820
131499,13852
131499,13884
131499,13916
131499,13948
131499,13980
131499,14012
131499,14044
131499,14076
131499,14108
131499,14140
131499,14172
131499,14204
131499,14236
131499,14268
131499,14300
131499,14332
131499,14364
131499,14396
131499,14428
131499,14460
131499,14492
131499,14524
131499,14556
131499,14588
131499,14620
131499,14652
131499,14684
131499,14716
131499,14748
131499,14780
131499,14812
131499,14844
131499,14876
131499,14908
131499,14940
131499,14972
131499,15004
131499,15036
131499,15068
131499,15100
131499,15132
131499,15164
131499,15196
131499,15228
131499,15260
131499,15292
131499,15324
131499,15356
131499,15388
131499,15420
131499,15452
131499,15484
131499,15516
131499,15548
131499,15580
131499,15612
131499,15644
131499,15676
131499,15708
131499,15740
131499,15772
131499,15804
131499,15836
131499,15868
131499,15900
131499,15932
131499,15964
131499,15996
131499,16028
131499,16060
131499,16092
131499,16124
131499,16156
131499,16188
131499,16220
131499,16252
131499,16284
131499,16316
131499,16348
131499,16380
