131506,1
131506,4
131506,12
131506,28
131506,60
131506,92
131506,124
131506,156
131506,188
131506,220
131506,252
131506,284
131506,316
131506,348
131506,380
131506,412
131506,444
131506,476
131506,508
131506,540
131506,572
131506,604
131506,636
131506,668
131506,700
131506,732
131506,764
131506,796
131506,828
131506,860
131506,892
131506,924
131506,956
131506,988
131506,1020
131506,1052
131506,1084
131506,1116
131506,1148
131506,1180
131506,1212
131506,1244
131506,1276
131506,1308
131506,1340
131506,1372
131506,1404
131506,1436
131506,1468
131506,1500
131506,1532
131506,1564
131506,1596
131506,1628
131506,1660
131506,1692
131506,1724
131506,1756
131506,1788
131506,1820
131506,1852
131506,1884
131506,1916
131506,1948
131506,1980
131506,2012
131506,2044
131506,2076
131506,2108
131506,2140
131506,2172
131506,2204
131506,2236
131506,2268
131506,2300
131506,2332
131506,2364
131506,2396
131506,2428
131506,2460
131506,2492
131506,2524
131506,2556
131506,2588
131506,2620
131506,2652
131506,2684
131506,2716
131506,2748
131506,2780
131506,2812
131506,2844
131506,2876
131506,2908
131506,2940
131506,2972
131506,3004
131506,3036
131506,3068
131506,3100
131506,3132
131506,3164
131506,3196
131506,3228
131506,3260
131506,3292
131506,3324
131506,3356
131506,3388
131506,3420
131506,3452
131506,3484
131506,3516
131506,3548
131506,3580
131506,3612
131506,3644
131506,3676
131506,3708
131506,3740
131506,3772
131506,3804
131506,3836
131506,3868
131506,3900
131506,3932
131506,3964
131506,3996
131506,4028
131506,4060
131506,4092
131506,4124
131506,4156
131506,4188
131506,4220
131506,4252
131506,4284
131506,4316
131506,4348
131506,4380
131506,4412
131506,4444
131506,4476
131506,4508
131506,4540
131506,4572
131506,4604
131506,4636
131506,4668
131506,4700
131506,4732
131506,4764
131506,4796
131506,4828
131506,4860
131506,4892
131506,4924
131506,4956
131506,4988
131506,5020
131506,5052
131506,5084
131506,5116
131506,5148
131506,5180
131506,5212
131506,5244
131506,5276
131506,5308
131506,5340
131506,5372
131506,5404
131506,5436
131506,5468
131506,5500
131506,5532
131506,5564
131506,5596
131506,5628
131506,5660
131506,5692
131506,5724
131506,5756
131506,5788
131506,5820
131506,5852
131506,5884
131506,5916
131506,5948
131506,5980
131506,6012
131506,6044
131506,6076
131506,6108
131506,6140
131506,6172
131506,6204
131506,6236
131506,6268
131506,6300
131506,6332
131506,6364
131506,6396
131506,6428
131506,6460
131506,6492
131506,6524
131506,6556
131506,6588
131506,6620
131506,6652
131506,6684
131506,6716
131506,6748
131506,6780
131506,6812
131506,6844
131506,6876
131506,6908
131506,6940
131506,6972
131506,7004
131506,7036
131506,7068
131506,7100
131506,7132
131506,7164
131506,7196
131506,7228
131506,7260
131506,7292
131506,7324
131506,7356
131506,7388
131506,7420
131506,7452
131506,7484
131506,7516
131506,7548
131506,7580
131506,7612
131506,7644
131506,7676
131506,7708
131506,7740
131506,7772
131506,7804
131506,7836
131506,7868
131506,7900
131506,7932
131506,7964
131506,7996
131506,8028
131506,8060
131506,8092
131506,8124
131506,8156
131506,8188
131506,8220
131506,8252
131506,8284
131506,8316
131506,8348
131506,8380
131506,8412
131506,8444
131506,8476
131506,8508
131506,8540
131506,8572
131506,8604
131506,8636
131506,8668
131506,8700
131506,8732
131506,8764
131506,8796
131506,8828
131506,8860
131506,8892
131506,8924
131506,8956
131506,8988
131506,9020
131506,9052
131506,9084
131506,9116
131506,9148
131506,9180
131506,9212
131506,9244
131506,9276
131506,9308
131506,9340
131506,9372
131506,9404
131506,9436
131506,9468
131506,9500
131506,9532
131506,9564
131506,9596
131506,9628
131506,9660
131506,9692
131506,9724
131506,9756
131506,9788
131506,9820
131506,9852
131506,9884
131506,9916
131506,9948
131506,9980
131506,10012
131506,10044
131506,10076
131506,10108
131506,10140
131506,10172
131506,10204
131506,10236
131506,10268
131506,10300
131506,10332
131506,10364
131506,10396
131506,10428
131506,10460
131506,10492
131506,10524
131506,10556
131506,10588
131506,10620
131506,10652
131506,10684
131506,10716
131506,10748
131506,10780
131506,10812
131506,10844
131506,10876
131506,10908
131506,10940
131506,10972
131506,11004
131506,11036
131506,11068
131506,11100
131506,11132
131506,11164
131506,11196
131506,11228
131506,11260
131506,11292
131506,11324
131506,11356
131506,11388
131506,11420
131506,11452
131506,11484
131506,11516
131506,11548
131506,11580
131506,11612
131506,11644
131506,11676
131506,11708
131506,11740
131506,11772
131506,11804
131506,11836
131506,11868
131506,11900
131506,11932
131506,11964
131506,11996
131506,12028
131506,12060
131506,12092
131506,12124
131506,12156
131506,12188
131506,12220
131506,12252
131506,12284
131506,12316
131506,12348
131506,12380
131506,12412
131506,12444
131506,12476
131506,12508
131506,12540
131506,12572
131506,12604
131506,12636
131506,12668
131506,12700
131506,12732
131506,12764
131506,12796
131506,12828
131506,12860
131506,12892
131506,12924
131506,12956
131506,12988
131506,13020
131506,13052
131506,13084
131506,13116
131506,13148
131506,13180
131506,13212
131506,13244
131506,13276
131506,13308
131506,13340
131506,13372
131506,13404
131506,13436
131506,13468
131506,13500
131506,13532
131506,13564
131506,13596
131506,13628
131506,13660
131506,13692
131506,13724
131506,13756
131506,13788
131506,13820
131506,13852
131506,13884
131506,13916
131506,13948
131506,13980
131506,14012
131506,14044
131506,14076
131506,14108
131506,14140
131506,14172
131506,14204
131506,14236
131506,14268
131506,14300
131506,14332
131506,14364
131506,14396
131506,14428
131506,14460
131506,14492
131506,14524
131506,14556
131506,14588
131506,14620
131506,14652
131506,14684
131506,14716
131506,14748
131506,14780
131506,14812
131506,14844
131506,14876
131506,14908
131506,14940
131506,14972
131506,15004
131506,15036
131506,15068
131506,15100
131506,15132
131506,15164
131506,15196
131506,15228
131506,15260
131506,15292
131506,15324
131506,15356
131506,15388
131506,15420
131506,15452
131506,15484
131506,15516
131506,15548
131506,15580
131506,15612
131506,15644
131506,15676
131506,15708
131506,15740
131506,15772
131506,15804
131506,15836
131506,15868
131506,15900
131506,15932
131506,15964
131506,15996
131506,16028
131506,16060
131506,16092
131506,16124
131506,16156
131506,16188
131506,16220
131506,16252
131506,16284
131506,16316
131506,16348
131506,16380
