131505,1
131505,4
131505,12
131505,28
131505,60
131505,92
131505,124
131505,156
131505,188
131505,220
131505,252
131505,284
131505,316
131505,348
131505,380
131505,412
131505,444
131505,476
131505,508
131505,540
131505,572
131505,604
131505,636
131505,668
131505,700
131505,732
131505,764
131505,796
131505,828
131505,860
131505,892
131505,924
131505,956
131505,988
131505,1020
131505,1052
131505,1084
131505,1116
131505,1148
131505,1180
131505,1212
131505,1244
131505,1276
131505,1308
131505,1340
131505,1372
131505,1404
131505,1436
131505,1468
131505,1500
131505,1532
131505,1564
131505,1596
131505,1628
131505,1660
131505,1692
131505,1724
131505,1756
131505,1788
131505,1820
131505,1852
131505,1884
131505,1916
131505,1948
131505,1980
131505,2012
131505,2044
131505,2076
131505,2108
131505,2140
131505,2172
131505,2204
131505,2236
131505,2268
131505,2300
131505,2332
131505,2364
131505,2396
131505,2428
131505,2460
131505,2492
131505,2524
131505,2556
131505,2588
131505,2620
131505,2652
131505,2684
131505,2716
131505,2748
131505,2780
131505,2812
131505,2844
131505,2876
131505,2908
131505,2940
131505,2972
131505,3004
131505,3036
131505,3068
131505,3100
131505,3132
131505,3164
131505,3196
131505,3228
131505,3260
131505,3292
131505,3324
131505,3356
131505,3388
131505,3420
131505,3452
131505,3484
131505,3516
131505,3548
131505,3580
131505,3612
131505,3644
131505,3676
131505,3708
131505,3740
131505,3772
131505,3804
131505,3836
131505,3868
131505,3900
131505,3932
131505,3964
131505,3996
131505,4028
131505,4060
131505,4092
131505,4124
131505,4156
131505,4188
131505,4220
131505,4252
131505,4284
131505,4316
131505,4348
131505,4380
131505,4412
131505,4444
131505,4476
131505,4508
131505,4540
131505,4572
131505,4604
131505,4636
131505,4668
131505,4700
131505,4732
131505,4764
131505,4796
131505,4828
131505,4860
131505,4892
131505,4924
131505,4956
131505,4988
131505,5020
131505,5052
131505,5084
131505,5116
131505,5148
131505,5180
131505,5212
131505,5244
131505,5276
131505,5308
131505,5340
131505,5372
131505,5404
131505,5436
131505,5468
131505,5500
131505,5532
131505,5564
131505,5596
131505,5628
131505,5660
131505,5692
131505,5724
131505,5756
131505,5788
131505,5820
131505,5852
131505,5884
131505,5916
131505,5948
131505,5980
131505,6012
131505,6044
131505,6076
131505,6108
131505,6140
131505,6172
131505,6204
131505,6236
131505,6268
131505,6300
131505,6332
131505,6364
131505,6396
131505,6428
131505,6460
131505,6492
131505,6524
131505,6556
131505,6588
131505,6620
131505,6652
131505,6684
131505,6716
131505,6748
131505,6780
131505,6812
131505,6844
131505,6876
131505,6908
131505,6940
131505,6972
131505,7004
131505,7036
131505,7068
131505,7100
131505,7132
131505,7164
131505,7196
131505,7228
131505,7260
131505,7292
131505,7324
131505,7356
131505,7388
131505,7420
131505,7452
131505,7484
131505,7516
131505,7548
131505,7580
131505,7612
131505,7644
131505,7676
131505,7708
131505,7740
131505,7772
131505,7804
131505,7836
131505,7868
131505,7900
131505,7932
131505,7964
131505,7996
131505,8028
131505,8060
131505,8092
131505,8124
131505,8156
131505,8188
131505,8220
131505,8252
131505,8284
131505,8316
131505,8348
131505,8380
131505,8412
131505,8444
131505,8476
131505,8508
131505,8540
131505,8572
131505,8604
131505,8636
131505,8668
131505,8700
131505,8732
131505,8764
131505,8796
131505,8828
131505,8860
131505,8892
131505,8924
131505,8956
131505,8988
131505,9020
131505,9052
131505,9084
131505,9116
131505,9148
131505,9180
131505,9212
131505,9244
131505,9276
131505,9308
131505,9340
131505,9372
131505,9404
131505,9436
131505,9468
131505,9500
131505,9532
131505,9564
131505,9596
131505,9628
131505,9660
131505,9692
131505,9724
131505,9756
131505,9788
131505,9820
131505,9852
131505,9884
131505,9916
131505,9948
131505,9980
131505,10012
131505,10044
131505,10076
131505,10108
131505,10140
131505,10172
131505,10204
131505,10236
131505,10268
131505,10300
131505,10332
131505,10364
131505,10396
131505,10428
131505,10460
131505,10492
131505,10524
131505,10556
131505,10588
131505,10620
131505,10652
131505,10684
131505,10716
131505,10748
131505,10780
131505,10812
131505,10844
131505,10876
131505,10908
131505,10940
131505,10972
131505,11004
131505,11036
131505,11068
131505,11100
131505,11132
131505,11164
131505,11196
131505,11228
131505,11260
131505,11292
131505,11324
131505,11356
131505,11388
131505,11420
131505,11452
131505,11484
131505,11516
131505,11548
131505,11580
131505,11612
131505,11644
131505,11676
131505,11708
131505,11740
131505,11772
131505,11804
131505,11836
131505,11868
131505,11900
131505,11932
131505,11964
131505,11996
131505,12028
131505,12060
131505,12092
131505,12124
131505,12156
131505,12188
131505,12220
131505,12252
131505,12284
131505,12316
131505,12348
131505,12380
131505,12412
131505,12444
131505,12476
131505,12508
131505,12540
131505,12572
131505,12604
131505,12636
131505,12668
131505,12700
131505,12732
131505,12764
131505,12796
131505,12828
131505,12860
131505,12892
131505,12924
131505,12956
131505,12988
131505,13020
131505,13052
131505,13084
131505,13116
131505,13148
131505,13180
131505,13212
131505,13244
131505,13276
131505,13308
131505,13340
131505,13372
131505,13404
131505,13436
131505,13468
131505,13500
131505,13532
131505,13564
131505,13596
131505,13628
131505,13660
131505,13692
131505,13724
131505,13756
131505,13788
131505,13820
131505,13852
131505,13884
131505,13916
131505,13948
131505,13980
131505,14012
131505,14044
131505,14076
131505,14108
131505,14140
131505,14172
131505,14204
131505,14236
131505,14268
131505,14300
131505,14332
131505,14364
131505,14396
131505,14428
131505,14460
131505,14492
131505,14524
131505,14556
131505,14588
131505,14620
131505,14652
131505,14684
131505,14716
131505,14748
131505,14780
131505,14812
131505,14844
131505,14876
131505,14908
131505,14940
131505,14972
131505,15004
131505,15036
131505,15068
131505,15100
131505,15132
131505,15164
131505,15196
131505,15228
131505,15260
131505,15292
131505,15324
131505,15356
131505,15388
131505,15420
131505,15452
131505,15484
131505,15516
131505,15548
131505,15580
131505,15612
131505,15644
131505,15676
131505,15708
131505,15740
131505,15772
131505,15804
131505,15836
131505,15868
131505,15900
131505,15932
131505,15964
131505,15996
131505,16028
131505,16060
131505,16092
131505,16124
131505,16156
131505,16188
131505,16220
131505,16252
131505,16284
131505,16316
131505,16348
131505,16380
