131529,1
131529,4
131529,12
131529,28
131529,60
131529,92
131529,124
131529,156
131529,188
131529,220
131529,252
131529,284
131529,316
131529,348
131529,380
131529,412
131529,444
131529,476
131529,508
131529,540
131529,572
131529,604
131529,636
131529,668
131529,700
131529,732
131529,764
131529,796
131529,828
131529,860
131529,892
131529,924
131529,956
131529,988
131529,1020
131529,1052
131529,1084
131529,1116
131529,1148
131529,1180
131529,1212
131529,1244
131529,1276
131529,1308
131529,1340
131529,1372
131529,1404
131529,1436
131529,1468
131529,1500
131529,1532
131529,1564
131529,1596
131529,1628
131529,1660
131529,1692
131529,1724
131529,1756
131529,1788
131529,1820
131529,1852
131529,1884
131529,1916
131529,1948
131529,1980
131529,2012
131529,2044
131529,2076
131529,2108
131529,2140
131529,2172
131529,2204
131529,2236
131529,2268
131529,2300
131529,2332
131529,2364
131529,2396
131529,2428
131529,2460
131529,2492
131529,2524
131529,2556
131529,2588
131529,2620
131529,2652
131529,2684
131529,2716
131529,2748
131529,2780
131529,2812
131529,2844
131529,2876
131529,2908
131529,2940
131529,2972
131529,3004
131529,3036
131529,3068
131529,3100
131529,3132
131529,3164
131529,3196
131529,3228
131529,3260
131529,3292
131529,3324
131529,3356
131529,3388
131529,3420
131529,3452
131529,3484
131529,3516
131529,3548
131529,3580
131529,3612
131529,3644
131529,3676
131529,3708
131529,3740
131529,3772
131529,3804
131529,3836
131529,3868
131529,3900
131529,3932
131529,3964
131529,3996
131529,4028
131529,4060
131529,4092
131529,4124
131529,4156
131529,4188
131529,4220
131529,4252
131529,4284
131529,4316
131529,4348
131529,4380
131529,4412
131529,4444
131529,4476
131529,4508
131529,4540
131529,4572
131529,4604
131529,4636
131529,4668
131529,4700
131529,4732
131529,4764
131529,4796
131529,4828
131529,4860
131529,4892
131529,4924
131529,4956
131529,4988
131529,5020
131529,5052
131529,5084
131529,5116
131529,5148
131529,5180
131529,5212
131529,5244
131529,5276
131529,5308
131529,5340
131529,5372
131529,5404
131529,5436
131529,5468
131529,5500
131529,5532
131529,5564
131529,5596
131529,5628
131529,5660
131529,5692
131529,5724
131529,5756
131529,5788
131529,5820
131529,5852
131529,5884
131529,5916
131529,5948
131529,5980
131529,6012
131529,6044
131529,6076
131529,6108
131529,6140
131529,6172
131529,6204
131529,6236
131529,6268
131529,6300
131529,6332
131529,6364
131529,6396
131529,6428
131529,6460
131529,6492
131529,6524
131529,6556
131529,6588
131529,6620
131529,6652
131529,6684
131529,6716
131529,6748
131529,6780
131529,6812
131529,6844
131529,6876
131529,6908
131529,6940
131529,6972
131529,7004
131529,7036
131529,7068
131529,7100
131529,7132
131529,7164
131529,7196
131529,7228
131529,7260
131529,7292
131529,7324
131529,7356
131529,7388
131529,7420
131529,7452
131529,7484
131529,7516
131529,7548
131529,7580
131529,7612
131529,7644
131529,7676
131529,7708
131529,7740
131529,7772
131529,7804
131529,7836
131529,7868
131529,7900
131529,7932
131529,7964
131529,7996
131529,8028
131529,8060
131529,8092
131529,8124
131529,8156
131529,8188
131529,8220
131529,8252
131529,8284
131529,8316
131529,8348
131529,8380
131529,8412
131529,8444
131529,8476
131529,8508
131529,8540
131529,8572
131529,8604
131529,8636
131529,8668
131529,8700
131529,8732
131529,8764
131529,8796
131529,8828
131529,8860
131529,8892
131529,8924
131529,8956
131529,8988
131529,9020
131529,9052
131529,9084
131529,9116
131529,9148
131529,9180
131529,9212
131529,9244
131529,9276
131529,9308
131529,9340
131529,9372
131529,9404
131529,9436
131529,9468
131529,9500
131529,9532
131529,9564
131529,9596
131529,9628
131529,9660
131529,9692
131529,9724
131529,9756
131529,9788
131529,9820
131529,9852
131529,9884
131529,9916
131529,9948
131529,9980
131529,10012
131529,10044
131529,10076
131529,10108
131529,10140
131529,10172
131529,10204
131529,10236
131529,10268
131529,10300
131529,10332
131529,10364
131529,10396
131529,10428
131529,10460
131529,10492
131529,10524
131529,10556
131529,10588
131529,10620
131529,10652
131529,10684
131529,10716
131529,10748
131529,10780
131529,10812
131529,10844
131529,10876
131529,10908
131529,10940
131529,10972
131529,11004
131529,11036
131529,11068
131529,11100
131529,11132
131529,11164
131529,11196
131529,11228
131529,11260
131529,11292
131529,11324
131529,11356
131529,11388
131529,11420
131529,11452
131529,11484
131529,11516
131529,11548
131529,11580
131529,11612
131529,11644
131529,11676
131529,11708
131529,11740
131529,11772
131529,11804
131529,11836
131529,11868
131529,11900
131529,11932
131529,11964
131529,11996
131529,12028
131529,12060
131529,12092
