131518,1
131518,4
131518,12
131518,28
131518,60
131518,92
131518,124
131518,156
131518,188
131518,220
131518,252
131518,284
131518,316
131518,348
131518,380
131518,412
131518,444
131518,476
131518,508
131518,540
131518,572
131518,604
131518,636
131518,668
131518,700
131518,732
131518,764
131518,796
131518,828
131518,860
131518,892
131518,924
131518,956
131518,988
131518,1020
131518,1052
131518,1084
131518,1116
131518,1148
131518,1180
131518,1212
131518,1244
131518,1276
131518,1308
131518,1340
131518,1372
131518,1404
131518,1436
131518,1468
131518,1500
131518,1532
131518,1564
131518,1596
131518,1628
131518,1660
131518,1692
131518,1724
131518,1756
131518,1788
131518,1820
131518,1852
131518,1884
131518,1916
131518,1948
131518,1980
131518,2012
131518,2044
131518,2076
131518,2108
131518,2140
131518,2172
131518,2204
131518,2236
131518,2268
131518,2300
131518,2332
131518,2364
131518,2396
131518,2428
131518,2460
131518,2492
131518,2524
131518,2556
131518,2588
131518,2620
131518,2652
131518,2684
131518,2716
131518,2748
131518,2780
131518,2812
