131528,1
131528,4
131528,12
131528,28
131528,60
131528,92
131528,124
131528,156
131528,188
131528,220
131528,252
131528,284
131528,316
131528,348
131528,380
131528,412
131528,444
131528,476
131528,508
131528,540
131528,572
131528,604
131528,636
131528,668
131528,700
131528,732
131528,764
131528,796
131528,828
131528,860
131528,892
131528,924
131528,956
131528,988
131528,1020
131528,1052
131528,1084
131528,1116
131528,1148
131528,1180
131528,1212
131528,1244
131528,1276
131528,1308
131528,1340
131528,1372
131528,1404
131528,1436
131528,1468
131528,1500
131528,1532
131528,1564
131528,1596
131528,1628
131528,1660
131528,1692
131528,1724
131528,1756
131528,1788
131528,1820
131528,1852
131528,1884
131528,1916
131528,1948
131528,1980
131528,2012
131528,2044
131528,2076
131528,2108
131528,2140
131528,2172
131528,2204
131528,2236
131528,2268
131528,2300
131528,2332
131528,2364
131528,2396
131528,2428
131528,2460
131528,2492
131528,2524
131528,2556
131528,2588
131528,2620
131528,2652
131528,2684
131528,2716
131528,2748
131528,2780
131528,2812
131528,2844
131528,2876
131528,2908
131528,2940
131528,2972
131528,3004
131528,3036
131528,3068
131528,3100
131528,3132
131528,3164
131528,3196
131528,3228
131528,3260
131528,3292
131528,3324
131528,3356
131528,3388
131528,3420
131528,3452
131528,3484
131528,3516
131528,3548
131528,3580
131528,3612
131528,3644
131528,3676
131528,3708
131528,3740
131528,3772
131528,3804
131528,3836
131528,3868
131528,3900
131528,3932
131528,3964
131528,3996
131528,4028
131528,4060
131528,4092
131528,4124
131528,4156
131528,4188
131528,4220
131528,4252
131528,4284
131528,4316
131528,4348
131528,4380
131528,4412
131528,4444
131528,4476
131528,4508
131528,4540
131528,4572
131528,4604
131528,4636
131528,4668
131528,4700
131528,4732
131528,4764
131528,4796
131528,4828
131528,4860
131528,4892
131528,4924
131528,4956
131528,4988
131528,5020
131528,5052
131528,5084
131528,5116
131528,5148
131528,5180
131528,5212
131528,5244
131528,5276
131528,5308
131528,5340
131528,5372
131528,5404
131528,5436
131528,5468
131528,5500
131528,5532
131528,5564
131528,5596
131528,5628
131528,5660
131528,5692
131528,5724
131528,5756
131528,5788
131528,5820
131528,5852
131528,5884
131528,5916
131528,5948
131528,5980
131528,6012
131528,6044
131528,6076
131528,6108
131528,6140
131528,6172
131528,6204
131528,6236
131528,6268
131528,6300
131528,6332
131528,6364
131528,6396
131528,6428
131528,6460
131528,6492
131528,6524
131528,6556
131528,6588
131528,6620
131528,6652
131528,6684
131528,6716
131528,6748
131528,6780
131528,6812
131528,6844
131528,6876
131528,6908
131528,6940
131528,6972
131528,7004
131528,7036
131528,7068
131528,7100
131528,7132
131528,7164
131528,7196
131528,7228
131528,7260
131528,7292
131528,7324
131528,7356
131528,7388
131528,7420
131528,7452
131528,7484
131528,7516
131528,7548
131528,7580
131528,7612
131528,7644
131528,7676
131528,7708
131528,7740
131528,7772
131528,7804
131528,7836
131528,7868
131528,7900
131528,7932
131528,7964
131528,7996
131528,8028
131528,8060
131528,8092
131528,8124
131528,8156
131528,8188
131528,8220
131528,8252
131528,8284
131528,8316
131528,8348
131528,8380
131528,8412
131528,8444
131528,8476
131528,8508
131528,8540
131528,8572
131528,8604
131528,8636
131528,8668
131528,8700
131528,8732
131528,8764
131528,8796
131528,8828
131528,8860
131528,8892
131528,8924
131528,8956
131528,8988
131528,9020
131528,9052
131528,9084
131528,9116
131528,9148
131528,9180
131528,9212
131528,9244
131528,9276
131528,9308
131528,9340
131528,9372
131528,9404
131528,9436
131528,9468
131528,9500
131528,9532
131528,9564
131528,9596
131528,9628
131528,9660
131528,9692
131528,9724
131528,9756
131528,9788
131528,9820
131528,9852
131528,9884
131528,9916
131528,9948
131528,9980
131528,10012
131528,10044
131528,10076
131528,10108
131528,10140
131528,10172
131528,10204
131528,10236
131528,10268
131528,10300
131528,10332
131528,10364
131528,10396
131528,10428
131528,10460
131528,10492
131528,10524
131528,10556
131528,10588
131528,10620
131528,10652
131528,10684
131528,10716
131528,10748
131528,10780
131528,10812
131528,10844
131528,10876
131528,10908
131528,10940
131528,10972
131528,11004
131528,11036
131528,11068
131528,11100
131528,11132
131528,11164
131528,11196
131528,11228
131528,11260
131528,11292
131528,11324
131528,11356
131528,11388
131528,11420
131528,11452
131528,11484
131528,11516
131528,11548
131528,11580
131528,11612
131528,11644
131528,11676
131528,11708
131528,11740
131528,11772
131528,11804
131528,11836
131528,11868
131528,11900
131528,11932
131528,11964
131528,11996
131528,12028
131528,12060
131528,12092
131528,12124
131528,12156
131528,12188
131528,12220
131528,12252
131528,12284
131528,12316
131528,12348
131528,12380
131528,12412
131528,12444
131528,12476
131528,12508
131528,12540
131528,12572
131528,12604
131528,12636
131528,12668
131528,12700
131528,12732
131528,12764
131528,12796
131528,12828
131528,12860
131528,12892
131528,12924
131528,12956
131528,12988
131528,13020
131528,13052
131528,13084
131528,13116
131528,13148
131528,13180
131528,13212
131528,13244
131528,13276
131528,13308
131528,13340
131528,13372
131528,13404
131528,13436
131528,13468
131528,13500
131528,13532
131528,13564
131528,13596
131528,13628
131528,13660
131528,13692
131528,13724
131528,13756
131528,13788
131528,13820
131528,13852
131528,13884
131528,13916
131528,13948
131528,13980
131528,14012
131528,14044
131528,14076
131528,14108
131528,14140
131528,14172
131528,14204
131528,14236
131528,14268
131528,14300
131528,14332
131528,14364
131528,14396
131528,14428
131528,14460
131528,14492
131528,14524
131528,14556
131528,14588
131528,14620
131528,14652
131528,14684
131528,14716
131528,14748
131528,14780
131528,14812
131528,14844
131528,14876
131528,14908
131528,14940
131528,14972
131528,15004
131528,15036
131528,15068
131528,15100
131528,15132
131528,15164
131528,15196
131528,15228
131528,15260
131528,15292
131528,15324
131528,15356
131528,15388
131528,15420
131528,15452
131528,15484
131528,15516
131528,15548
131528,15580
131528,15612
131528,15644
131528,15676
131528,15708
131528,15740
131528,15772
131528,15804
131528,15836
131528,15868
131528,15900
131528,15932
131528,15964
131528,15996
131528,16028
131528,16060
131528,16092
131528,16124
131528,16156
131528,16188
131528,16220
131528,16252
131528,16284
131528,16316
131528,16348
131528,16380
