131530,1
131530,4
131530,12
131530,28
131530,60
131530,92
131530,124
131530,156
131530,188
131530,220
131530,252
131530,284
131530,316
131530,348
131530,380
131530,412
131530,444
131530,476
131530,508
131530,540
131530,572
131530,604
131530,636
131530,668
131530,700
131530,732
131530,764
131530,796
131530,828
131530,860
131530,892
131530,924
131530,956
131530,988
131530,1020
131530,1052
131530,1084
131530,1116
131530,1148
131530,1180
131530,1212
131530,1244
131530,1276
131530,1308
131530,1340
131530,1372
131530,1404
131530,1436
131530,1468
131530,1500
131530,1532
131530,1564
131530,1596
131530,1628
131530,1660
131530,1692
131530,1724
131530,1756
131530,1788
131530,1820
131530,1852
131530,1884
131530,1916
131530,1948
131530,1980
131530,2012
131530,2044
131530,2076
131530,2108
131530,2140
131530,2172
131530,2204
131530,2236
131530,2268
131530,2300
