131509,1
131509,4
131509,12
131509,28
131509,60
131509,92
131509,124
131509,156
131509,188
131509,220
131509,252
131509,284
131509,316
131509,348
131509,380
131509,412
131509,444
131509,476
131509,508
131509,540
131509,572
131509,604
131509,636
131509,668
131509,700
131509,732
131509,764
131509,796
131509,828
131509,860
131509,892
131509,924
131509,956
131509,988
131509,1020
131509,1052
131509,1084
131509,1116
131509,1148
131509,1180
131509,1212
131509,1244
131509,1276
131509,1308
131509,1340
131509,1372
131509,1404
131509,1436
131509,1468
131509,1500
131509,1532
131509,1564
131509,1596
131509,1628
131509,1660
131509,1692
131509,1724
131509,1756
131509,1788
131509,1820
131509,1852
131509,1884
131509,1916
131509,1948
131509,1980
131509,2012
131509,2044
131509,2076
131509,2108
131509,2140
131509,2172
131509,2204
131509,2236
131509,2268
131509,2300
131509,2332
131509,2364
131509,2396
131509,2428
131509,2460
131509,2492
131509,2524
131509,2556
131509,2588
131509,2620
131509,2652
131509,2684
131509,2716
131509,2748
131509,2780
131509,2812
131509,2844
131509,2876
131509,2908
131509,2940
131509,2972
131509,3004
131509,3036
131509,3068
131509,3100
131509,3132
131509,3164
131509,3196
131509,3228
131509,3260
131509,3292
131509,3324
131509,3356
131509,3388
131509,3420
131509,3452
131509,3484
131509,3516
131509,3548
131509,3580
131509,3612
131509,3644
131509,3676
131509,3708
131509,3740
131509,3772
131509,3804
131509,3836
131509,3868
131509,3900
131509,3932
131509,3964
131509,3996
131509,4028
131509,4060
131509,4092
131509,4124
131509,4156
131509,4188
131509,4220
131509,4252
131509,4284
131509,4316
131509,4348
131509,4380
131509,4412
131509,4444
131509,4476
131509,4508
131509,4540
131509,4572
131509,4604
131509,4636
131509,4668
131509,4700
131509,4732
131509,4764
131509,4796
131509,4828
131509,4860
131509,4892
131509,4924
131509,4956
131509,4988
131509,5020
131509,5052
131509,5084
131509,5116
131509,5148
131509,5180
131509,5212
131509,5244
131509,5276
131509,5308
131509,5340
131509,5372
131509,5404
131509,5436
131509,5468
131509,5500
131509,5532
131509,5564
131509,5596
131509,5628
131509,5660
131509,5692
131509,5724
131509,5756
131509,5788
131509,5820
131509,5852
131509,5884
131509,5916
131509,5948
131509,5980
131509,6012
131509,6044
131509,6076
131509,6108
131509,6140
131509,6172
131509,6204
131509,6236
131509,6268
131509,6300
131509,6332
131509,6364
131509,6396
131509,6428
131509,6460
131509,6492
131509,6524
131509,6556
131509,6588
131509,6620
131509,6652
131509,6684
131509,6716
131509,6748
131509,6780
131509,6812
131509,6844
131509,6876
131509,6908
131509,6940
131509,6972
131509,7004
131509,7036
131509,7068
131509,7100
131509,7132
131509,7164
131509,7196
131509,7228
131509,7260
131509,7292
131509,7324
131509,7356
131509,7388
131509,7420
131509,7452
131509,7484
131509,7516
131509,7548
131509,7580
131509,7612
131509,7644
131509,7676
131509,7708
131509,7740
131509,7772
131509,7804
131509,7836
131509,7868
131509,7900
131509,7932
131509,7964
131509,7996
131509,8028
131509,8060
131509,8092
131509,8124
131509,8156
131509,8188
131509,8220
131509,8252
131509,8284
131509,8316
131509,8348
131509,8380
131509,8412
131509,8444
131509,8476
131509,8508
131509,8540
131509,8572
131509,8604
131509,8636
131509,8668
131509,8700
131509,8732
131509,8764
131509,8796
131509,8828
131509,8860
131509,8892
131509,8924
131509,8956
131509,8988
131509,9020
131509,9052
131509,9084
131509,9116
131509,9148
131509,9180
131509,9212
131509,9244
131509,9276
131509,9308
131509,9340
131509,9372
131509,9404
131509,9436
131509,9468
131509,9500
131509,9532
131509,9564
131509,9596
131509,9628
131509,9660
131509,9692
131509,9724
131509,9756
131509,9788
131509,9820
131509,9852
131509,9884
131509,9916
131509,9948
131509,9980
131509,10012
131509,10044
131509,10076
131509,10108
131509,10140
131509,10172
131509,10204
131509,10236
131509,10268
131509,10300
131509,10332
131509,10364
131509,10396
131509,10428
131509,10460
131509,10492
131509,10524
131509,10556
131509,10588
131509,10620
131509,10652
131509,10684
131509,10716
131509,10748
131509,10780
131509,10812
131509,10844
131509,10876
131509,10908
131509,10940
131509,10972
131509,11004
131509,11036
131509,11068
131509,11100
131509,11132
131509,11164
131509,11196
131509,11228
131509,11260
131509,11292
131509,11324
131509,11356
131509,11388
131509,11420
131509,11452
131509,11484
131509,11516
131509,11548
131509,11580
131509,11612
131509,11644
131509,11676
131509,11708
131509,11740
131509,11772
131509,11804
131509,11836
131509,11868
131509,11900
131509,11932
131509,11964
131509,11996
131509,12028
131509,12060
131509,12092
131509,12124
131509,12156
131509,12188
131509,12220
131509,12252
131509,12284
131509,12316
131509,12348
131509,12380
131509,12412
131509,12444
131509,12476
131509,12508
131509,12540
131509,12572
131509,12604
131509,12636
131509,12668
131509,12700
131509,12732
131509,12764
131509,12796
131509,12828
131509,12860
131509,12892
131509,12924
131509,12956
131509,12988
131509,13020
131509,13052
131509,13084
131509,13116
131509,13148
131509,13180
131509,13212
131509,13244
131509,13276
131509,13308
131509,13340
131509,13372
131509,13404
131509,13436
131509,13468
131509,13500
131509,13532
131509,13564
131509,13596
131509,13628
131509,13660
131509,13692
131509,13724
131509,13756
131509,13788
131509,13820
131509,13852
131509,13884
131509,13916
131509,13948
131509,13980
131509,14012
131509,14044
131509,14076
131509,14108
131509,14140
131509,14172
131509,14204
131509,14236
131509,14268
131509,14300
131509,14332
131509,14364
131509,14396
131509,14428
131509,14460
131509,14492
131509,14524
131509,14556
131509,14588
131509,14620
131509,14652
131509,14684
131509,14716
131509,14748
131509,14780
131509,14812
131509,14844
131509,14876
131509,14908
131509,14940
131509,14972
131509,15004
131509,15036
131509,15068
131509,15100
131509,15132
131509,15164
131509,15196
131509,15228
131509,15260
131509,15292
131509,15324
131509,15356
131509,15388
131509,15420
131509,15452
131509,15484
131509,15516
131509,15548
131509,15580
131509,15612
131509,15644
131509,15676
131509,15708
131509,15740
131509,15772
131509,15804
131509,15836
131509,15868
131509,15900
131509,15932
131509,15964
131509,15996
131509,16028
131509,16060
131509,16092
131509,16124
131509,16156
131509,16188
131509,16220
131509,16252
131509,16284
131509,16316
131509,16348
131509,16380
