131503,1
131503,4
131503,12
131503,28
131503,60
131503,92
131503,124
131503,156
131503,188
131503,220
131503,252
131503,284
131503,316
131503,348
131503,380
131503,412
131503,444
131503,476
131503,508
131503,540
131503,572
131503,604
131503,636
131503,668
131503,700
131503,732
131503,764
131503,796
131503,828
131503,860
131503,892
131503,924
131503,956
131503,988
131503,1020
131503,1052
131503,1084
131503,1116
131503,1148
131503,1180
131503,1212
131503,1244
131503,1276
131503,1308
131503,1340
131503,1372
131503,1404
131503,1436
131503,1468
131503,1500
131503,1532
131503,1564
131503,1596
131503,1628
131503,1660
131503,1692
131503,1724
131503,1756
131503,1788
131503,1820
131503,1852
131503,1884
131503,1916
131503,1948
131503,1980
131503,2012
131503,2044
131503,2076
131503,2108
131503,2140
131503,2172
131503,2204
131503,2236
131503,2268
131503,2300
131503,2332
131503,2364
131503,2396
131503,2428
131503,2460
131503,2492
131503,2524
131503,2556
131503,2588
131503,2620
131503,2652
131503,2684
131503,2716
131503,2748
131503,2780
131503,2812
131503,2844
131503,2876
131503,2908
131503,2940
131503,2972
131503,3004
131503,3036
131503,3068
131503,3100
131503,3132
131503,3164
131503,3196
131503,3228
131503,3260
131503,3292
131503,3324
131503,3356
131503,3388
131503,3420
131503,3452
131503,3484
131503,3516
131503,3548
131503,3580
131503,3612
131503,3644
131503,3676
131503,3708
131503,3740
131503,3772
131503,3804
131503,3836
131503,3868
131503,3900
131503,3932
131503,3964
131503,3996
131503,4028
131503,4060
131503,4092
131503,4124
131503,4156
131503,4188
131503,4220
131503,4252
131503,4284
131503,4316
131503,4348
131503,4380
131503,4412
131503,4444
131503,4476
131503,4508
131503,4540
131503,4572
131503,4604
131503,4636
131503,4668
131503,4700
131503,4732
131503,4764
131503,4796
131503,4828
131503,4860
131503,4892
131503,4924
131503,4956
131503,4988
131503,5020
131503,5052
131503,5084
131503,5116
131503,5148
131503,5180
131503,5212
131503,5244
131503,5276
131503,5308
131503,5340
131503,5372
131503,5404
131503,5436
131503,5468
131503,5500
131503,5532
131503,5564
131503,5596
131503,5628
131503,5660
131503,5692
131503,5724
131503,5756
131503,5788
131503,5820
131503,5852
131503,5884
131503,5916
131503,5948
131503,5980
131503,6012
131503,6044
131503,6076
131503,6108
131503,6140
131503,6172
131503,6204
