Counting cache functions... Output every 1 seconds.
    HITS   MISSES  DIRTIES    RATIO   BUFFERS_MB   CACHE_MB
  120669    63067      226    65.7%            8        487
  117817   149728        0    44.0%            8       1116
  118223   150303        0    44.0%            8       1748
  107012   150304        0    41.6%            8       2379
  107523   152777        0    41.3%            8       3023
  104141   157194     1899    39.8%           10       3682
   84251   152108      673    35.6%           10       4327
   84605   160802        2    34.5%           10       5003
   68492   170240        2    28.7%           10       5718
   41950   167337      125    20.0%           10       6418
   50061   186412        2    21.2%           11       7195
   41280   168353        0    19.7%           11       7911
   43529   162835        0    21.1%           11       8594
   44727   145999      192    23.5%           11       9205
   47307   116611     3082    28.9%           11       9720
   23538    43996       10    34.9%           11       9904
   13761    20704        0    39.9%           11       9990
   14134    20352        0    41.0%           11      10075
    4145     4008      132    50.8%           11      10096
    2116        0        0   100.0%           11      10096
    1587        0        0   100.0%           11      10096
    2133        0        0   100.0%           11      10096
    1586        0        0   100.0%           11      10096
    2436        0        6   100.0%           11      10096
   66246        0     3196   100.0%           11      10096
    2694        0        2   100.0%           11      10096
    2290        0        0   100.0%           11      10096
    1553        0      126   100.0%           11      10096
    1602        0        3   100.0%           11      10096
   10167        0       96   100.0%           11      10096
    5725        0       39   100.0%           11      10096
    2316        0        0   100.0%           11      10096
   21990        0       38   100.0%           11      10096
    4144        0     5265   100.0%           11      10105
  561021        0      154   100.0%           11      10105
    1600        0        0   100.0%           11      10105
    1485        0       93   100.0%           11      10105
    1588        2        2    99.9%           11      10105
    1599        0        0   100.0%           11      10105
    2336        0        0   100.0%           11      10105
    2748        0        2   100.0%           11      10105
    1590        0        0   100.0%           11      10105
    8632        0     3026   100.0%           11      10105
    1586        0        5   100.0%           11      10105
    4479        0       37   100.0%           11      10105
    4668        0       41   100.0%           11      10105
   80095       41      124    99.9%           11      10105
  142181       54   623316   100.0%           11      10124
    3612        0  1239519   100.0%           11      10167
    3592        0  1237290   100.0%           11      10209
    2884        3  1016372    99.9%           11      10246
   55394        0   338081   100.0%           12      10243

Ending tracing...
