Counting cache functions... Output every 1 seconds.
    HITS   MISSES  DIRTIES    RATIO   BUFFERS_MB   CACHE_MB
  111647    22510     6018    83.2%            8        287
   84905   108458      161    43.9%            8        713
  122807   152091     3017    44.7%           10       1357
  116894   152746        0    43.4%           10       1996
  108520   153545      123    41.4%           10       2640
  107917   155328       39    41.0%           10       3291
   93832   153920        2    37.9%           10       3937
   90900   160356        0    36.2%           10       4602
   77493   163264      188    32.2%           10       5292
   59063   167200        5    26.1%           10       5998
   41132   178240        0    18.7%           10       6735
   47740   172127     5258    21.7%           10       7480
   39521   168672        0    19.0%           10       8187
   48152   164926        3    22.6%           10       8881
   45676   144029        7    24.1%           10       9484
   33871    72348       86    31.9%           11       9805
   19837    34716       10    36.4%           11       9953
   14942    21120        0    41.4%           11      10039
   11183    15246      108    42.3%           11      10104
    2368        0       39   100.0%           11      10104
    5391        0     3017   100.0%           11      10105
    2354        0        0   100.0%           11      10105
    2301        0        0   100.0%           11      10105
    1557        0        0   100.0%           11      10105
   18354        0      182   100.0%           11      10105
   45427        0       21   100.0%           11      10105
    1574        0        0   100.0%           11      10105
    1577        0        0   100.0%           11      10105
    1575        0        0   100.0%           11      10105
   10995        0     3095   100.0%           11      10105
    4355        0       33   100.0%           11      10105
    4939        0       39   100.0%           11      10105
   21292        0       37   100.0%           11      10105
    2363        0      120   100.0%           11      10105
  327558        0        9   100.0%           11      10105
  161889       15       13   100.0%           11      10105
   17130      611        0    96.6%           11      10106
   70838     4477        1    94.1%           27      10109
   33176        0     3025   100.0%           27      10109
   38979        0       14   100.0%           27      10109
    1587        0        0   100.0%           27      10109
   29457        0       18   100.0%           27      10109
   17360      255      593    98.6%           27      10110
    3305        0       27   100.0%           27      10110
   12806        0       68   100.0%           27      10110
    1569        0        0   100.0%           27      10110
    1582        0        8   100.0%           27      10110
  252784       48   128852   100.0%           27      10114
   16705        0  1232406   100.0%           27      10156
    9293        1  1233169   100.0%           27      10199
    3196        3  1120428    99.9%           27      10240
    2040        0   623391   100.0%           27      10265
   24729     1933      288    92.7%            5        204

Ending tracing...
